6570	10757	
6777	8187	10757	
6851	8390	8398	8400	8408	10757	10820	
826	999	1934	1939	4492	4495	4623	4978	6614	8048	10757	
6784	8284	10757	10968	
6852	8410	10757	11040	
6848	8390	10757	10820	
6849	8398	10757	11035	
6851	8408	10757	11037	
67	283	284	285	290	499	557	826	1934	1940	2082	2316	4155	4156	4465	4493	4979	4982	6319	6565	8048	9397	9584	9856	10757	10883	10891	
1781	1782	4492	6546	9542	10757	
826	999	1935	1944	4126	4127	4493	5040	6478	8048	9918	10667	10757	
1215	1216	2082	4492	6609	9680	10757	
103	105	106	127	254	307	452	487	537	849	918	952	955	976	983	985	990	999	1124	1126	1153	1162	1510	1561	1931	4254	4352	4353	4456	4608	4767	4770	6217	6259	6319	6369	6371	6576	6712	7991	8051	8962	9454	10580	10757	10796	10849	
151	686	1002	1077	1197	1613	1781	1782	1910	2008	4028	4492	6686	8077	8078	8121	8122	8193	8194	10630	10757	11164	
103	105	109	156	158	728	785	815	823	849	918	925	1181	1198	1494	1513	1684	1872	1890	1891	1931	1935	2009	2010	2019	2082	3893	3896	4472	4507	4560	4561	4600	4685	4874	5056	6217	6453	6591	6638	7801	7817	7973	8053	8061	8129	8180	9314	9412	9847	9977	10175	10622	10747	10757	10758	10791	
784	947	999	1420	1514	1613	4454	4492	5054	8040	8078	9978	10757	10979	
785	1513	1975	2082	3893	4493	4991	5056	8053	8065	8180	9977	10757	10932	
27	65	70	89	96	98	104	105	110	112	113	116	185	191	225	259	263	267	303	317	334	336	337	338	345	350	351	353	360	362	373	374	397	457	496	497	500	513	526	527	531	533	535	537	538	539	540	541	542	557	566	585	592	601	660	669	676	682	686	693	726	754	755	756	777	778	781	801	815	826	836	908	909	918	935	944	949	956	1015	1023	1077	1119	1133	1144	1145	1150	1168	1172	1192	1193	1194	1196	1197	1225	1228	1233	1238	1358	1371	1417	1476	1488	1494	1506	1510	1518	1519	1590	1615	1616	1693	1775	1781	1782	1794	1802	1811	1827	1828	1931	1932	1941	2034	2048	2078	2083	2101	2207	2267	2270	2277	2311	2312	2382	3205	3668	3860	3883	3892	3894	3897	3901	3905	3937	3946	3950	3988	4007	4152	4166	4188	4204	4209	4350	4352	4353	4355	4471	4474	4487	4492	4517	4573	4608	4659	4661	4671	4672	4676	4678	4685	4738	4747	4770	4853	4855	4920	4921	4946	4975	4978	4989	5006	5293	5310	5459	5636	5642	5993	6138	6153	6221	6222	6287	6300	6319	6330	6332	6338	6411	6495	6559	6574	6577	6634	6636	6638	6686	6700	6789	6871	6954	6955	6956	6957	6958	6959	6960	6988	7023	7795	7816	7934	7938	7956	7958	7975	7991	8039	8051	8129	8160	8210	8280	8282	8966	9311	9365	9411	9538	9574	9662	9675	9718	9764	9820	10042	10170	10678	10689	10691	10697	10714	10757	10760	10786	10796	10817	10824	10849	10860	10883	10907	10912	10921	10925	10929	10938	10977	11097	11098	11126	11127	11133	
203	219	220	785	999	1089	1198	1513	1659	1684	1890	1891	1902	2110	2111	3893	4493	4847	6613	8120	9372	10203	10757	10881	
103	105	127	849	918	1510	1931	2020	2082	4492	4641	5058	5097	5744	5754	6765	10622	10757	
685	1002	1197	1504	1781	1782	4685	6217	6638	8124	10757	
27	70	88	103	105	108	110	112	113	127	134	185	225	234	317	335	336	337	339	351	354	362	373	403	494	498	514	552	557	567	592	781	788	832	844	849	873	933	949	957	999	1014	1016	1072	1119	1124	1128	1134	1191	1247	1322	1425	1476	1501	1506	1510	1518	1519	1575	1615	1616	1794	1811	1827	1898	1931	2038	2052	2093	2110	2111	2170	2180	2311	2946	3855	3866	3894	3945	4116	4123	4125	4166	4180	4208	4413	4492	4499	4560	4580	4604	4608	4654	4679	4749	4778	4829	4874	4980	5088	5092	5145	5165	5254	5744	5749	6196	6197	6206	6235	6319	6328	6329	6453	6480	6502	6545	6592	6631	6751	6953	6954	6955	6956	6957	6958	6959	6960	6967	6968	7011	7022	7795	7835	7869	7934	8047	8055	8120	8126	8131	8150	8172	8215	8314	8315	8962	8966	9284	9378	9379	9410	9538	9661	9820	9939	9997	10001	10028	10086	10177	10578	10629	10656	10658	10660	10666	10757	10758	10782	10794	10796	10817	10824	10845	10854	10899	10912	10921	10965	11090	11092	11105	11124	11125	
686	1077	1087	1090	1197	1781	1782	6217	6576	6612	8179	9483	10545	10757	
65	104	105	191	267	303	374	526	527	529	531	533	535	536	537	538	539	540	541	585	601	726	754	755	756	777	778	801	815	823	836	850	908	909	944	1144	1145	1150	1162	1192	1193	1194	1226	1230	1235	1239	1510	1693	1802	1931	1932	2082	2382	4188	4350	4351	4352	4472	4474	4487	4492	4659	4660	4670	4671	4672	4853	4855	4979	4989	5071	6559	6634	6789	7991	8051	8129	9311	9365	9607	9718	9988	10757	10977	
686	1077	1781	1782	6217	6576	6953	7934	8179	10545	10578	10757	
23	32	70	103	105	109	185	193	262	312	317	334	336	337	338	350	351	353	360	362	373	397	457	496	497	499	513	542	557	566	685	693	729	730	849	918	935	949	956	999	1005	1014	1023	1119	1133	1155	1179	1198	1262	1371	1416	1488	1494	1499	1504	1506	1510	1516	1590	1615	1616	1775	1810	1811	1814	1827	1828	1884	1902	1920	1926	1931	2008	2010	2019	2034	2057	2072	2101	2160	2311	2315	2316	2395	3861	3883	3894	3897	3899	3901	3905	3988	4095	4123	4125	4166	4173	4176	4204	4357	4492	4503	4517	4560	4561	4604	4608	4676	4688	4748	4770	4775	4829	4962	4975	5006	5043	5045	5369	5619	5634	5657	5681	5997	6223	6234	6300	6305	6319	6347	6456	6480	6482	6510	6527	6574	6577	6591	6636	6710	6952	6954	6955	6956	6957	6958	6959	6960	7795	7818	7893	7938	7956	7958	8039	8131	8160	8172	8190	8966	9378	9379	9409	9412	9538	9661	9855	9869	9997	10044	10464	10577	10658	10666	10668	10678	10689	10757	10758	10763	10786	10794	10796	10824	10849	10852	10883	10890	10912	10921	10929	10938	10965	11099	11104	11140	
686	1077	1781	1782	2382	6217	6783	6789	6953	7934	8179	8247	10545	10578	10757	10977	
110	112	113	134	203	219	220	225	592	832	999	1089	1197	1510	2110	2111	4180	4492	5750	6613	6686	8047	8120	9831	10757	
12	65	70	103	104	105	116	145	155	185	189	190	228	259	267	303	308	312	317	335	337	351	353	360	373	397	498	500	514	526	527	531	533	535	537	538	539	540	541	552	557	567	583	686	705	707	709	722	754	755	756	778	781	815	826	834	844	849	858	862	866	908	909	918	939	949	957	1002	1013	1015	1023	1056	1058	1059	1072	1077	1094	1119	1124	1134	1144	1145	1146	1148	1149	1150	1156	1162	1168	1190	1191	1192	1193	1194	1196	1198	1199	1225	1232	1237	1240	1322	1476	1488	1506	1518	1519	1575	1590	1615	1616	1773	1776	1781	1782	1810	1811	1814	1827	1828	1889	1902	1910	1931	1932	1941	2008	2026	2034	2078	2082	2096	2101	2160	2225	2311	2315	2316	2326	2327	2375	2382	2395	3892	3894	3899	3902	3944	3945	3950	3978	3979	4007	4046	4117	4118	4129	4278	4350	4352	4353	4413	4471	4491	4509	4517	4609	4612	4659	4661	4671	4672	4687	4749	4770	4819	4880	4894	4943	4962	4989	5092	5165	5166	5339	5568	5632	5636	5751	5764	5937	5993	6206	6217	6222	6234	6287	6319	6329	6332	6335	6372	6396	6417	6454	6495	6577	6631	6634	6700	6701	6705	6728	6789	6954	6955	6956	6957	6958	6959	6960	7024	7795	7950	7956	7991	8005	8007	8051	8113	8129	8150	8160	8179	8962	9344	9365	9411	9474	9538	9718	9820	9855	9939	9966	10042	10263	10656	10660	10668	10700	10732	10757	10760	10772	10787	10792	10794	10796	10826	10849	10868	10890	10912	10921	10929	10977	11092	11098	11104	11125	11127	11130	
685	999	1504	1510	4492	6953	7934	8124	10578	10757	
592	686	935	1077	1197	1644	1781	1782	2008	2101	6217	6686	9831	10757	
103	105	134	149	784	815	823	832	849	947	1169	1313	1506	1514	1615	1616	1684	1872	1890	1891	1902	1931	1935	2082	2110	2111	2239	2243	2244	2246	2255	2293	2295	2297	2299	2301	2382	4454	4492	4560	4561	5263	5477	6041	6216	6398	6453	6591	6700	6789	7799	7895	7994	8129	8262	8265	8270	8272	8293	8295	8297	8299	8301	8303	9333	9978	10757	10758	10977	11005	
88	317	334	336	337	339	496	497	513	566	686	940	942	956	1014	1077	1097	1099	1105	1119	1133	1197	1494	1781	1782	1827	2038	2180	2311	3883	3894	3897	3901	3905	4180	4518	4643	5077	6217	6300	6304	6493	6545	6953	7984	8179	9538	9661	10578	10757	
65	97	103	104	105	190	267	303	330	331	526	527	531	533	535	537	538	539	540	541	583	636	672	754	755	756	778	815	823	834	849	908	909	918	999	1144	1145	1146	1148	1149	1150	1162	1169	1192	1193	1194	1227	1231	1235	1239	1510	1931	1932	2122	2382	4007	4145	4211	4220	4350	4352	4353	4471	4492	4659	4660	4670	4671	4672	4687	4989	5120	6372	6634	6789	7711	7722	7733	7747	7762	7768	7775	7778	7781	7991	8051	8129	8201	9365	9607	9718	10694	10757	10826	10977	
22	26	29	51	52	72	88	96	108	109	116	127	185	189	199	229	250	317	335	337	345	351	353	354	360	362	373	377	378	379	380	388	397	399	403	494	496	497	499	501	507	514	519	549	550	551	552	553	557	567	570	632	679	680	684	685	692	711	713	715	723	785	787	832	844	852	854	856	949	957	995	998	1072	1101	1119	1124	1128	1133	1168	1190	1191	1196	1197	1198	1417	1425	1488	1501	1503	1504	1506	1513	1529	1572	1575	1590	1615	1616	1659	1684	1771	1772	1811	1827	1828	1864	1870	1890	1891	1927	2008	2011	2082	2106	2110	2112	2133	2134	2162	2172	2311	2313	2316	2326	2327	2934	3664	3684	3740	3743	3828	3859	3876	3893	3894	3916	3917	3919	3988	4050	4067	4094	4152	4166	4172	4208	4209	4213	4266	4294	4408	4412	4413	4502	4509	4608	4611	4634	4657	4767	4775	4778	4781	4848	4859	4872	4931	4940	4963	5092	5158	5502	5540	5595	5634	5659	5665	5679	5744	6102	6104	6139	6189	6217	6220	6233	6288	6318	6319	6326	6335	6338	6455	6456	6526	6629	6631	6673	6870	6892	6936	6949	6954	6955	6956	6957	6958	6959	6960	7783	7784	7785	7810	7816	7835	7882	7932	7934	7956	7996	7997	8005	8008	8215	8314	8315	8316	8962	8966	9245	9332	9336	9409	9410	9488	9537	9538	9571	9661	9709	9780	9856	9992	10001	10028	10037	10042	10061	10574	10629	10656	10658	10677	10691	10757	10758	10786	10794	10796	10809	10817	10845	10852	10854	10857	10863	10881	10891	10899	10912	10921	10938	11096	11130	11133	
23	70	103	105	262	592	686	689	729	730	849	918	935	999	1005	1077	1155	1179	1262	1494	1510	1644	1781	1782	1902	1931	2010	2019	2101	4123	4125	4444	4492	4560	4561	4688	4829	4980	6286	6328	6473	6480	6591	7795	7818	7928	7957	8131	9378	9379	10666	10757	11124	
22	25	51	52	149	203	219	220	302	377	378	379	380	388	397	501	513	551	553	624	701	703	716	785	832	860	864	868	956	998	1014	1089	1114	1115	1197	1198	1313	1488	1506	1513	1615	1616	1684	1870	1890	1891	1927	2008	2053	2075	2082	2110	2111	2152	2153	3883	3893	3894	3897	3901	3905	3980	3981	4046	4119	4180	4211	4266	4509	4649	4650	5095	5158	5714	5738	5993	6217	6281	6283	6398	6436	6495	6613	6700	6935	7277	7278	7368	7426	7711	7722	7733	7746	7757	7775	7778	7781	7879	8046	8120	9344	9411	9661	9888	10042	10080	10182	10540	10559	10664	10757	10814	10929	11373	11423	11497	11532	
65	104	105	191	267	303	374	526	527	531	533	535	537	538	539	540	541	585	601	726	754	755	756	777	778	801	815	826	836	908	909	944	999	1144	1145	1150	1192	1193	1194	1225	1228	1233	1238	1510	1693	1802	1931	1932	1941	2048	2312	2382	4007	4188	4350	4352	4353	4472	4474	4487	4491	4492	4659	4661	4671	4672	4853	4855	4978	4989	6559	6634	6789	7991	8051	8129	9311	9365	9718	10757	10977	
29	88	549	550	570	592	686	705	707	832	858	862	935	995	1002	1023	1077	1494	1506	1615	1616	1644	1781	1782	2012	2034	2101	2110	2112	3684	3971	3972	4209	4278	4509	4517	5192	6033	6102	6104	6217	6577	6870	6953	7934	8120	9474	10578	10691	10757	
70	203	219	220	302	317	334	336	337	338	495	498	514	552	566	685	693	844	957	1013	1014	1072	1089	1098	1119	1134	1191	1197	1198	1504	1510	1575	1827	1828	2075	2082	2093	2170	2311	3894	4119	4413	4492	5077	5092	6493	6613	7795	9538	9661	10042	10203	10664	10757	
103	105	815	823	849	1169	1781	1782	1931	1935	2083	2194	2239	2243	2244	2246	2255	2293	2295	2297	2299	2301	2382	3950	4471	4511	4560	4561	5262	6041	6217	6332	6573	6591	6622	6789	7799	7895	7956	7987	7994	8129	8241	8262	8265	8270	8272	8293	8295	8297	8299	8301	8303	9698	10757	10758	10977	11005	11127	
12	134	155	308	685	832	999	1094	1504	1506	1510	1615	1616	1773	1793	4492	4880	6701	6953	7934	8113	10578	10757	
14	27	65	103	104	105	109	116	122	129	149	177	185	190	203	219	220	228	234	246	247	254	267	303	312	317	335	337	345	351	353	360	362	373	397	496	497	499	513	526	527	529	531	533	535	536	537	538	539	540	541	557	567	583	592	686	689	730	754	755	756	778	781	782	785	815	826	834	849	908	909	918	922	935	939	949	956	1077	1089	1099	1100	1119	1133	1144	1145	1146	1148	1149	1150	1162	1168	1172	1178	1192	1193	1194	1196	1197	1226	1229	1234	1239	1247	1322	1417	1476	1488	1494	1503	1513	1518	1519	1590	1644	1684	1781	1782	1794	1811	1827	1828	1872	1890	1891	1931	1932	1941	2012	2026	2082	2101	2119	2203	2311	2313	2326	2327	2328	2375	2382	3861	3883	3892	3893	3894	3897	3901	3905	3937	3950	4007	4025	4035	4059	4084	4094	4116	4152	4166	4173	4350	4351	4352	4471	4519	4608	4643	4659	4660	4670	4671	4672	4679	4687	4767	4774	4874	4945	4962	4975	4989	5043	5044	5145	5165	5166	5170	5192	5500	5643	5756	5997	6006	6206	6217	6222	6223	6300	6305	6319	6330	6338	6372	6411	6453	6456	6482	6545	6634	6676	6789	6952	6954	6955	6956	6957	6958	6959	6960	6997	7810	7816	7928	7974	7991	8051	8129	8688	8962	8966	9365	9407	9538	9574	9661	9719	9780	9820	9992	10036	10183	10193	10382	10577	10579	10597	10634	10658	10660	10668	10678	10757	10760	10772	10796	10809	10824	10826	10849	10860	10883	10887	10912	10921	10929	10938	10970	10977	11092	11098	11099	11126	11133	
134	201	685	832	840	931	938	999	1021	1504	1506	1510	1615	1616	1902	2034	4184	4492	4516	6659	9613	10757	
12	70	88	89	103	105	149	155	199	209	308	317	334	336	337	338	449	495	498	509	514	518	519	552	566	626	632	692	722	785	815	823	849	942	957	1002	1014	1018	1068	1072	1093	1094	1097	1105	1119	1134	1180	1189	1191	1197	1198	1250	1257	1313	1502	1513	1529	1575	1635	1684	1773	1781	1782	1793	1827	1890	1891	1931	1935	1969	2038	2082	2110	2111	2180	2311	2382	2934	3713	3729	3741	3828	3871	3893	3894	3896	4050	4067	4209	4294	4295	4408	4413	4511	4560	4561	4761	4769	4770	4781	4799	4880	5077	5092	5564	5633	5643	6182	6183	6189	6216	6217	6245	6249	6254	6282	6333	6455	6526	6573	6591	6629	6644	6673	6676	6701	6710	6757	6789	6943	6944	7795	7808	7810	7882	7950	8005	8007	8053	8058	8061	8113	8129	8210	9336	9488	9538	9661	9662	9840	9869	10037	10156	10567	10568	10623	10691	10757	10758	10849	10857	10977	11108	11128	
188	549	550	685	705	707	709	832	858	862	866	941	999	1023	1506	1510	1615	1616	1826	1902	2044	3978	3979	4278	4492	4509	4517	4541	4877	6577	7956	9474	9665	10465	10757	
65	104	105	191	203	219	220	267	303	374	526	527	531	533	535	537	538	539	540	541	585	601	726	754	755	756	777	778	785	801	815	826	836	908	909	940	944	1089	1144	1145	1150	1162	1192	1193	1194	1198	1225	1232	1237	1240	1513	1659	1684	1693	1802	1872	1890	1891	1931	1932	1941	2082	2203	2312	3893	4007	4180	4188	4350	4352	4353	4471	4474	4487	4491	4518	4659	4661	4671	4672	4847	4853	4855	4978	4989	5750	6217	6304	6559	6613	6634	6953	6991	7991	8051	8129	9311	9365	9719	10578	10757	10881	10970	
110	112	113	225	262	263	592	686	844	935	1077	1087	1090	1097	1172	1197	1242	1244	1262	1488	1781	1782	1866	2093	2101	2145	2170	3937	4492	4664	4688	4829	5192	6411	6435	7810	7818	7868	7933	7996	8004	8115	9315	10036	10757	
22	23	26	51	52	70	88	103	105	134	377	378	379	380	388	397	501	513	551	552	553	644	685	701	716	722	728	729	815	823	832	849	860	864	956	998	999	1005	1014	1023	1155	1179	1191	1198	1504	1506	1510	1575	1615	1616	1870	1902	1904	1927	1931	1935	2008	2034	2382	3894	3897	3975	3976	4067	4134	4266	4472	4499	4509	4517	4543	4560	4611	4633	4665	4749	4931	5092	5158	5246	5308	5524	5574	5751	5993	6217	6318	6328	6340	6453	6456	6469	6495	6572	6574	6577	6592	6789	6936	6949	7775	7795	7938	7950	7958	8005	8007	8129	8165	9411	9661	9888	9976	9999	10180	10387	10559	10574	10670	10689	10732	10757	10758	10845	10929	10977	11124	
70	88	89	103	105	241	242	655	661	815	823	849	918	1014	1016	1510	1931	1935	2082	2268	2382	3711	3806	3810	4082	4471	4492	4560	4561	4580	4636	6591	6789	6999	7714	7725	7736	7775	7777	7780	7795	8129	8210	8250	9284	9357	9661	10757	10810	10977	
27	87	96	127	134	145	185	189	228	262	317	334	337	351	353	360	362	373	397	496	497	499	514	552	557	566	679	680	681	682	684	685	711	713	723	781	832	852	854	939	949	957	999	1002	1013	1072	1119	1128	1133	1138	1190	1191	1197	1198	1262	1371	1476	1488	1494	1503	1504	1506	1518	1519	1575	1615	1616	1775	1781	1782	1794	1811	1827	1828	2008	2027	2203	2212	2311	2326	2327	3892	3894	3902	3914	3915	4098	4158	4204	4255	4413	4503	4509	4573	4604	4608	4629	4676	4688	4718	4749	4767	4770	4829	4931	4947	4975	5092	5166	5292	5460	5502	5634	5738	5750	5940	5993	6217	6222	6252	6287	6305	6319	6335	6391	6456	6495	6510	6560	6573	6613	6620	6636	6700	6954	6955	6956	6957	6958	6959	6960	7810	7818	7824	7938	7950	7957	7958	7984	8005	8007	8160	8962	8966	9245	9411	9537	9538	9780	9820	10270	10629	10640	10658	10689	10700	10732	10757	10758	10772	10786	10794	10796	10805	10809	10817	10835	10845	10849	10899	10912	10921	10929	10938	10970	11098	11130	
88	103	105	137	403	614	815	826	849	918	1014	1015	1510	1931	1935	1941	2082	2382	2393	3689	3817	3826	4208	4211	4235	4236	4472	4492	4560	4561	5080	6118	6128	6288	6438	6591	6789	6992	7698	7699	7706	7715	7726	7737	7775	7835	8129	10757	10782	10977	
88	103	105	137	403	614	815	826	849	918	940	1014	1015	1510	1931	1935	1941	2082	2203	2393	3689	3817	3826	4208	4211	4235	4236	4472	4492	4518	4560	4561	5080	6118	6128	6288	6304	6438	6591	6953	6991	6992	7698	7699	7706	7715	7726	7737	7775	7835	8129	10578	10757	10782	10970	
87	199	203	210	219	220	317	335	336	337	338	494	498	513	549	550	567	685	693	716	788	832	860	873	933	956	1013	1023	1089	1098	1119	1134	1197	1425	1504	1506	1510	1615	1616	1797	1810	1814	1827	1898	1902	2010	2011	2019	2034	2038	2043	2053	2071	2082	2180	2311	3883	3894	3897	3901	3905	3969	3970	4088	4178	4180	4278	4492	4509	4517	4657	4664	4895	5077	5088	5749	5993	6015	6282	6300	6367	6391	6453	6455	6493	6502	6577	7957	8215	8314	8315	9538	9855	9888	10177	10656	10757	10890	
