2, 1, 1
3, 1, -1
4, 2, 1
5, 2, -1
6, 3, 1
7, 3, -1
8, 4, 1
9, 4, -1
10, 5, 1
11, 5, -1
12, 6, 1
13, 6, -1
14, 7, 1
15, 7, -1
17, 8, -1
18, 8, 1
16, 9, 1
18, 9, -1
20, 10, -1
21, 10, 1
19, 11, 1
21, 11, -1
23, 12, 1
25, 12, -1
24, 13, -1
25, 13, 1
58, 14, -1
59, 14, 1
60, 15, -1
61, 15, 1
62, 16, -1
63, 16, 1
64, 17, -1
65, 17, 1
66, 18, 1
68, 18, -1
67, 19, -1
68, 19, 1
65, 20, -1
233, 20, 1
61, 21, -1
173, 21, 1
59, 22, -1
168, 22, 1
63, 23, -1
179, 23, 1
82, 24, -1
83, 24, 1
117, 25, 1
118, 25, -1
161, 26, 1
162, 26, -1
159, 27, 1
160, 27, -1
135, 28, 1
136, 28, -1
133, 29, 1
134, 29, -1
147, 30, 1
148, 30, -1
145, 31, 1
146, 31, -1
84, 32, 1
85, 32, -1
86, 33, 1
87, 33, -1
88, 34, 1
89, 34, -1
90, 35, 1
91, 35, -1
92, 36, 1
93, 36, -1
94, 37, 1
95, 37, -1
96, 38, 1
97, 38, -1
84, 39, -1
604, 39, -1
1230, 39, 1
86, 40, -1
1232, 40, 1
1517, 40, -1
88, 41, -1
1234, 41, 1
1520, 41, -1
90, 42, -1
929, 42, -1
1236, 42, 1
92, 43, -1
932, 43, -1
1238, 43, 1
94, 44, -1
1182, 44, -1
1240, 44, 1
96, 45, -1
1185, 45, -1
1242, 45, 1
98, 46, 1
99, 46, -1
100, 47, 1
101, 47, -1
102, 48, 1
103, 48, -1
104, 49, 1
105, 49, -1
106, 50, 1
107, 50, -1
108, 51, 1
109, 51, -1
110, 52, 1
111, 52, -1
98, 53, -1
604, 53, -1
1247, 53, 1
100, 54, -1
1249, 54, 1
1517, 54, -1
102, 55, -1
1251, 55, 1
1520, 55, -1
104, 56, -1
929, 56, -1
1253, 56, 1
106, 57, -1
932, 57, -1
1255, 57, 1
108, 58, -1
1182, 58, -1
1257, 58, 1
110, 59, -1
1185, 59, -1
1259, 59, 1
125, 60, -1
842, 60, 1
125, 61, -1
842, 61, 1
126, 62, -1
974, 62, 1
126, 63, -1
974, 63, 1
139, 64, -1
241, 64, 1
164, 65, -1
165, 65, 1
167, 66, -1
168, 66, 1
172, 67, -1
173, 67, 1
178, 68, -1
179, 68, 1
192, 69, -1
1451, 69, 1
191, 70, -1
1449, 70, 1
182, 71, -1
1432, 71, 1
196, 72, -1
1479, 72, 1
186, 73, -1
1433, 73, 1
201, 74, -1
1482, 74, 1
187, 75, -1
1434, 75, 1
199, 76, -1
1481, 76, 1
188, 77, -1
1431, 77, 1
180, 78, -1
463, 78, 1
195, 79, -1
1454, 79, 1
198, 80, -1
1480, 80, 1
183, 81, -1
620, 81, 1
202, 82, -1
627, 82, 1
174, 83, -1
175, 83, 1
233, 84, -1
1591, 84, 1
173, 85, -1
575, 85, 1
168, 86, -1
348, 86, 1
179, 87, -1
904, 87, 1
192, 88, 1
216, 88, -1
191, 89, 1
215, 89, -1
182, 90, 1
209, 90, -1
196, 91, 1
220, 91, -1
186, 92, 1
210, 92, -1
201, 93, 1
225, 93, -1
187, 94, 1
211, 94, -1
199, 95, 1
223, 95, -1
188, 96, 1
212, 96, -1
180, 97, 1
341, 97, -1
195, 98, 1
219, 98, -1
198, 99, 1
222, 99, -1
216, 100, 1
278, 100, 1
1045, 100, -1
1179, 100, -1
215, 101, 1
278, 101, 1
588, 101, -1
1045, 101, -1
209, 102, 1
278, 102, 1
487, 102, -1
1045, 102, -1
220, 103, 1
278, 103, 1
603, 103, -1
1045, 103, -1
210, 104, 1
278, 104, 1
486, 104, -1
1045, 104, -1
225, 105, 1
278, 105, 1
1045, 105, -1
1142, 105, -1
211, 106, 1
278, 106, 1
1045, 106, -1
1450, 106, -1
223, 107, 1
278, 107, 1
1045, 107, -1
1224, 107, -1
212, 108, 1
278, 108, 1
937, 108, -1
1045, 108, -1
219, 109, 1
278, 109, 1
464, 109, -1
1045, 109, -1
222, 110, 1
278, 110, 1
939, 110, -1
1045, 110, -1
282, 111, 1
284, 111, -1
283, 112, -1
284, 112, 1
232, 113, -1
233, 113, 1
165, 114, 1
650, 114, -1
921, 114, 1
246, 115, -1
247, 115, 1
248, 116, 1
1287, 116, -1
279, 117, -1
282, 117, 1
374, 117, 1
281, 118, -1
284, 118, 1
376, 118, 1
279, 119, 1
281, 119, -1
280, 120, -1
281, 120, 1
262, 121, -1
842, 121, 1
262, 122, 1
264, 122, -1
263, 123, -1
264, 123, 1
266, 124, 1
343, 124, 1
579, 124, -1
421, 125, 1
1371, 125, -1
278, 126, -1
1142, 126, 1
1517, 126, -1
278, 127, -1
1450, 127, 1
1520, 127, -1
278, 128, -1
929, 128, -1
1224, 128, 1
278, 129, -1
932, 129, -1
937, 129, 1
278, 130, -1
1185, 130, -1
1192, 130, 1
278, 131, -1
1181, 131, 1
1182, 131, -1
278, 132, -1
603, 132, 1
604, 132, -1
278, 133, -1
588, 133, 1
589, 133, -1
278, 134, -1
1179, 134, 1
1188, 134, -1
292, 135, -1
919, 135, 1
1126, 135, 1
662, 136, -1
666, 136, 1
1577, 136, -1
1578, 136, 1
23, 137, -1
1058, 137, 1
25, 138, -1
1060, 138, 1
426, 139, -1
788, 139, 1
961, 139, 1
234, 140, -1
368, 140, -1
861, 140, 1
1427, 140, 1
234, 141, 1
237, 141, -1
234, 142, 1
236, 142, -1
235, 143, -1
236, 143, 1
291, 144, 1
294, 144, 1
297, 144, -1
304, 144, -1
291, 145, 1
304, 145, -2
297, 146, 1
299, 146, -1
298, 147, -1
299, 147, 1
300, 148, -1
304, 148, 1
301, 149, -1
302, 149, 1
300, 150, 1
302, 150, -1
303, 151, 1
304, 151, -1
409, 151, -1
350, 152, -1
360, 152, 1
304, 153, -1
927, 153, -1
1052, 153, 1
1293, 154, -1
1301, 154, 1
309, 155, -1
311, 155, 1
308, 156, -1
309, 156, 1
310, 157, -1
311, 157, 1
314, 158, -1
318, 158, 1
313, 159, -1
314, 159, 1
315, 160, 1
316, 160, -1
1542, 161, -1
1553, 161, -1
1573, 161, 1
1576, 161, 1
315, 162, 1
318, 162, -1
1246, 162, -1
1346, 162, 1
317, 163, -1
318, 163, 1
306, 164, 1
320, 164, -1
304, 165, -1
320, 165, 1
861, 165, -1
112, 166, 1
144, 166, -1
1346, 166, -1
294, 167, -1
342, 167, 1
383, 168, 1
1346, 168, -2
315, 169, 1
326, 169, -1
1012, 169, 1
1546, 170, -1
1576, 170, -1
1577, 170, 1
324, 171, -1
325, 171, 1
1246, 171, -1
1346, 171, 1
323, 172, -1
324, 172, 1
326, 173, 1
328, 173, -1
1246, 173, -1
1346, 173, 1
327, 174, -1
328, 174, 1
329, 175, 1
331, 175, -1
330, 176, -1
331, 176, 1
322, 177, 1
329, 177, -1
1346, 177, 1
455, 178, 1
460, 178, -1
962, 179, 1
969, 179, -1
1178, 180, 1
1180, 180, -1
587, 181, 1
592, 181, -1
602, 182, 1
607, 182, -1
1447, 183, 1
1448, 183, -1
936, 184, 1
1289, 184, -1
1193, 185, 1
1413, 185, -1
278, 186, -1
293, 186, 1
304, 186, -1
294, 187, 1
337, 187, -1
1197, 187, 1
332, 188, 1
333, 188, -1
334, 189, 1
335, 189, -1
335, 190, -1
336, 190, 1
364, 190, 1
396, 190, -1
334, 191, 1
505, 191, -1
334, 192, -1
972, 192, 1
307, 193, 1
337, 193, -1
368, 193, -1
861, 193, 1
278, 194, 1
419, 194, -1
1227, 194, 1
294, 195, -1
304, 195, 1
339, 196, -1
340, 196, 1
338, 197, -1
340, 197, 1
294, 198, 1
296, 198, -1
294, 199, 1
296, 199, -1
295, 200, -1
296, 200, 1
346, 201, -1
992, 201, 1
238, 202, 1
239, 202, -1
1346, 202, 1
239, 203, 1
503, 203, -1
853, 203, -1
861, 203, 1
343, 204, -1
966, 204, 1
343, 205, 1
345, 205, -1
344, 206, -1
345, 206, 1
977, 209, 1
999, 209, -1
396, 210, -1
397, 210, 1
474, 211, 1
346, 212, -1
343, 213, 1
346, 213, -1
1362, 213, 1
346, 214, 1
348, 214, -1
346, 215, 1
348, 215, -1
347, 216, -1
348, 216, 1
349, 217, -1
350, 217, 1
351, 218, 1
360, 218, -1
895, 218, 1
1360, 218, -1
351, 219, 1
353, 219, -1
352, 220, -1
353, 220, 1
357, 221, -1
1354, 221, 1
343, 222, -1
1324, 222, -1
420, 223, -1
1228, 223, 1
593, 224, -1
766, 224, 1
77, 225, -1
366, 225, 1
766, 225, 1
449, 226, -1
593, 226, 1
983, 226, -1
294, 227, 1
315, 227, -1
816, 227, 1
282, 228, 1
399, 228, -1
403, 228, 1
284, 229, 1
400, 229, -1
405, 229, 1
316, 230, 1
399, 230, -1
406, 230, 1
399, 231, 1
400, 231, -1
279, 232, 1
401, 232, -1
403, 232, 1
281, 233, 1
402, 233, -1
405, 233, 1
374, 234, 1
399, 234, 1
401, 234, -1
376, 235, 1
400, 235, 1
402, 235, -1
316, 236, 1
401, 236, -1
407, 236, 1
401, 237, 1
402, 237, -1
316, 238, 1
403, 238, -1
408, 238, 1
355, 239, -1
356, 239, 1
361, 240, -1
1338, 240, 1
1586, 240, 1
403, 241, 1
405, 241, -1
362, 242, -1
363, 242, 1
43, 243, -1
278, 243, 1
603, 243, -1
1206, 243, 1
56, 244, -1
278, 244, 1
1142, 244, -1
1208, 244, 1
54, 245, -1
278, 245, 1
1210, 245, 1
1450, 245, -1
47, 246, -1
278, 246, 1
1212, 246, 1
1224, 246, -1
45, 247, -1
278, 247, 1
937, 247, -1
1214, 247, 1
51, 248, -1
278, 248, 1
1181, 248, -1
1216, 248, 1
49, 249, -1
278, 249, 1
1192, 249, -1
1218, 249, 1
306, 250, 1
307, 250, -1
358, 251, -1
359, 251, 1
343, 252, 1
364, 252, -1
1361, 252, 1
1, 253, -1
366, 253, -1
751, 253, 1
1455, 253, 1
261, 254, 1
367, 254, -1
927, 254, -1
257, 255, -1
261, 255, 1
368, 256, -1
1420, 256, 1
368, 257, 1
370, 257, -1
369, 258, -1
370, 258, 1
374, 259, 2
380, 259, -1
380, 260, 1
382, 260, -1
374, 261, -2
380, 261, 1
381, 262, -1
382, 262, 1
285, 263, -1
286, 263, 1
374, 264, 1
377, 264, -1
374, 265, -1
1341, 265, 1
1343, 265, -1
1346, 265, 1
368, 266, -1
377, 266, -1
861, 266, 1
1346, 266, 1
377, 267, -1
1341, 267, 1
1343, 267, -1
1346, 267, 1
377, 268, -1
384, 268, 1
1489, 268, -1
377, 269, 1
379, 269, -1
377, 270, 1
379, 270, -1
377, 271, 1
379, 271, -1
378, 272, -1
379, 272, 1
870, 273, -1
884, 273, 1
300, 274, 1
701, 274, -1
1220, 275, 1
1221, 275, -1
294, 276, 1
300, 276, -1
294, 277, 1
300, 277, -1
1293, 278, 1
1296, 278, -1
459, 279, -1
465, 279, 1
385, 280, 1
386, 280, -1
385, 281, -1
393, 281, 1
392, 282, -1
1585, 282, 1
389, 283, -1
392, 283, 1
389, 284, 1
391, 284, -1
390, 285, -1
391, 285, 1
393, 286, -1
705, 286, 1
386, 287, 1
388, 287, -1
387, 288, -1
388, 288, 1
91, 289, 1
394, 289, -1
1037, 289, 1
1237, 289, -1
105, 290, 1
394, 290, -1
1037, 290, 1
1254, 290, -1
305, 291, 1
1126, 291, -1
16, 292, 1
305, 292, -1
120, 293, 1
395, 293, -1
282, 294, 1
406, 294, -1
408, 294, 1
279, 295, 1
407, 295, -1
408, 295, 1
374, 296, 1
406, 296, 1
407, 296, -1
839, 297, 1
1054, 297, -1
1064, 297, -1
1067, 297, 1
839, 298, 1
1054, 298, -1
1061, 298, 1
1067, 298, -1
839, 299, 1
1054, 299, -1
1058, 299, 1
1061, 299, -1
839, 300, 1
1054, 300, -1
1057, 300, 1
1058, 300, -1
315, 301, 1
325, 301, -1
322, 302, -1
325, 302, 1
277, 303, -1
396, 303, -1
398, 303, 1
584, 303, 1
129, 304, -1
364, 304, 1
396, 304, -1
1121, 304, 1
241, 305, 1
367, 305, -1
747, 305, 2
343, 306, 1
1354, 306, 1
497, 307, -1
568, 307, 1
867, 307, 1
867, 308, 1
1317, 308, 1
1320, 308, -1
404, 310, -1
405, 310, 1
326, 311, 1
408, 311, -1
409, 312, -1
1312, 312, 1
1324, 312, -1
409, 313, 1
503, 313, -1
853, 313, -1
861, 313, 1
1346, 313, 1
114, 314, -1
292, 314, 1
277, 315, 1
377, 315, -1
1288, 315, -1
410, 316, -1
411, 317, -1
259, 318, 1
260, 318, -1
422, 319, -1
1359, 319, 1
427, 320, -2
430, 320, 2
427, 321, -2
430, 321, 2
427, 322, -2
430, 322, 2
1358, 322, -1
1365, 322, 1
427, 323, 1
429, 323, -1
428, 324, 1
431, 324, -1
715, 324, -1
431, 325, 1
432, 325, -1
428, 326, -1
429, 326, 1
430, 327, -1
432, 327, 1
422, 328, 1
424, 328, -1
422, 329, 1
424, 329, -1
422, 330, -1
424, 330, 1
423, 331, -1
424, 331, 1
361, 332, -1
363, 332, 1
433, 332, 1
435, 332, -1
361, 333, 1
433, 333, -1
363, 334, 1
435, 334, -1
433, 335, 1
435, 335, -1
1197, 335, -1
1199, 335, 1
433, 336, 1
436, 336, -1
766, 336, 1
436, 337, 1
449, 337, -1
508, 337, -1
433, 338, -1
437, 338, 1
1490, 338, -1
433, 339, 1
435, 339, -1
433, 340, -1
435, 340, 1
434, 341, -1
435, 341, 1
252, 342, 1
452, 342, -1
175, 343, 1
438, 343, -1
438, 344, 1
440, 344, -1
1246, 344, -1
1346, 344, 1
439, 345, -1
440, 345, 1
441, 346, -1
449, 346, 1
443, 347, -1
451, 347, 1
441, 348, 1
449, 348, -1
853, 348, -1
861, 348, 1
441, 349, 1
449, 349, -1
441, 350, -1
444, 350, 1
1491, 350, -1
441, 351, 1
443, 351, -1
441, 352, 1
443, 352, -1
442, 353, -1
443, 353, 1
445, 354, -1
447, 354, 1
446, 355, -1
447, 355, 1
371, 356, 1
449, 356, -1
449, 357, -1
475, 357, 1
482, 357, -1
252, 358, 1
449, 358, -1
449, 359, -1
970, 359, 1
1349, 359, -1
1350, 359, 1
449, 360, -1
970, 360, 1
1121, 360, 1
1122, 360, -1
449, 361, -1
766, 361, -1
970, 361, 1
1417, 361, 1
449, 362, -1
919, 362, 1
970, 362, 1
449, 363, -1
766, 363, 1
368, 364, -1
449, 364, -1
861, 364, 1
1177, 364, 1
449, 365, -1
453, 365, 1
1492, 365, -1
449, 366, 1
451, 366, -1
449, 367, 1
451, 367, -1
449, 368, 1
451, 368, -1
449, 369, 1
451, 369, -1
450, 370, -1
451, 370, 1
445, 371, 1
448, 371, -1
905, 371, 1
908, 371, -2
433, 372, -1
1415, 372, 1
1420, 372, -1
114, 373, 1
454, 373, -1
999, 374, 1
1314, 376, 1
1324, 376, -1
371, 378, 1
373, 378, -1
372, 379, -1
373, 379, 1
457, 380, -1
873, 380, 1
457, 381, -1
873, 381, 1
1227, 382, -1
461, 383, 1
462, 383, -1
461, 384, 1
462, 384, -1
396, 385, -1
461, 385, 1
579, 385, 1
661, 385, -1
1088, 385, 1
1374, 385, -1
294, 386, 1
304, 386, -1
460, 386, 1
465, 386, -1
468, 387, 1
470, 387, -1
469, 388, -1
470, 388, 1
465, 389, 1
467, 389, -1
466, 390, -1
467, 390, 1
471, 391, -1
473, 391, 1
472, 392, -1
473, 392, 1
26, 393, -1
28, 393, 1
1038, 393, 1
1040, 393, -1
919, 394, -2
471, 395, -1
473, 395, 1
349, 396, 1
476, 396, -1
477, 397, -1
478, 397, 1
476, 398, 1
478, 398, -1
479, 399, 1
481, 399, -1
480, 400, -1
481, 400, 1
351, 401, 1
479, 401, -1
482, 402, 1
482, 403, 1
853, 403, -1
861, 403, 1
927, 403, -1
483, 404, -1
485, 404, 1
483, 405, -1
485, 405, 1
484, 406, -1
485, 406, 1
483, 407, 1
485, 407, -1
488, 408, -1
520, 408, 1
1206, 408, 1
494, 409, -1
520, 409, 1
1208, 409, 1
493, 410, -1
520, 410, 1
1210, 410, 1
490, 411, -1
520, 411, 1
1212, 411, 1
489, 412, -1
520, 412, 1
1214, 412, 1
492, 413, -1
520, 413, 1
1216, 413, 1
491, 414, -1
520, 414, 1
1218, 414, 1
155, 415, 1
242, 415, -1
364, 416, 2
396, 416, -2
529, 416, 1
1238, 416, -1
364, 417, 2
396, 417, -2
531, 417, 1
1255, 417, -1
364, 418, 2
396, 418, -2
530, 418, 1
1242, 418, -1
364, 419, 2
396, 419, -2
532, 419, 1
1259, 419, -1
497, 420, 1
499, 420, -1
498, 421, -1
499, 421, 1
500, 422, 1
502, 422, -1
500, 423, 1
502, 423, -1
501, 424, -1
502, 424, 1
503, 425, -1
1303, 425, 1
230, 426, -1
503, 426, 1
245, 427, 1
503, 427, -1
1346, 427, 1
496, 428, 1
504, 428, -1
294, 429, 1
505, 429, -1
1177, 429, 1
505, 430, 1
507, 430, -1
1417, 430, -1
1419, 430, 1
506, 431, -1
507, 431, 1
1030, 432, 1
1031, 432, -1
513, 433, -1
1207, 433, 1
1248, 433, 1
514, 434, -1
1209, 434, 1
1250, 434, 1
515, 435, -1
1211, 435, 1
1252, 435, 1
516, 436, -1
1213, 436, 1
1254, 436, 1
517, 437, -1
1215, 437, 1
1256, 437, 1
518, 438, -1
1217, 438, 1
1258, 438, 1
519, 439, -1
1219, 439, 1
1260, 439, 1
513, 440, 1
886, 440, 1
1248, 440, -2
514, 441, 1
886, 441, 1
1250, 441, -2
515, 442, 1
886, 442, 1
1252, 442, -2
516, 443, 1
886, 443, 1
1254, 443, -2
517, 444, 1
886, 444, 1
1256, 444, -2
518, 445, 1
886, 445, 1
1258, 445, -2
519, 446, 1
886, 446, 1
1260, 446, -2
510, 447, 2
512, 447, -2
511, 448, -1
512, 448, 1
520, 449, -1
547, 449, 1
1354, 449, 1
521, 450, -1
522, 450, 1
523, 453, -1
525, 453, 1
523, 454, -1
525, 454, 1
524, 455, -1
525, 455, 1
523, 456, 1
525, 456, -1
526, 457, -1
528, 457, 1
527, 458, 1
528, 458, -1
533, 459, 2
536, 459, -2
533, 460, 2
536, 460, -2
533, 461, 2
536, 461, -2
1358, 461, -1
1365, 461, 1
534, 462, 1
535, 462, -1
533, 463, -1
535, 463, 1
536, 464, 1
538, 464, -1
534, 465, -1
537, 465, 1
715, 465, -1
537, 466, -1
538, 466, 1
539, 467, -1
1305, 467, 1
396, 468, -2
539, 468, -1
579, 468, 2
1088, 468, 2
1305, 468, 1
456, 469, -1
543, 469, -1
546, 469, 1
823, 469, 1
543, 470, -1
546, 470, 1
540, 471, 1
546, 471, -1
543, 472, -1
546, 472, 1
550, 472, 1
552, 472, -1
546, 473, -1
552, 473, 1
540, 474, 1
541, 474, -1
541, 475, 1
542, 475, -1
541, 476, 1
542, 476, -1
543, 477, 1
545, 477, -1
543, 478, 1
545, 478, -1
543, 479, 1
545, 479, -1
823, 479, -1
825, 479, 1
541, 480, -1
542, 480, 1
543, 480, 1
545, 480, -1
544, 481, -1
545, 481, 1
304, 482, -1
505, 482, 1
1177, 482, -1
547, 483, -1
1581, 483, 1
547, 484, 1
549, 484, -1
548, 485, -1
549, 485, 1
550, 486, -1
552, 486, 1
550, 487, 1
551, 487, -1
550, 488, 1
551, 488, -1
853, 489, -1
861, 489, 1
555, 490, 4
558, 490, -4
556, 491, -1
558, 491, 1
553, 492, -1
555, 492, 1
554, 493, -1
555, 493, 1
553, 494, 1
555, 494, -1
556, 495, -1
557, 495, 1
557, 496, -1
558, 496, 1
559, 497, -1
1403, 497, 1
1444, 497, 1
1514, 497, -1
561, 498, -1
1405, 498, 1
1446, 498, 1
1516, 498, -1
560, 499, -1
561, 499, 1
562, 500, -1
927, 500, -1
562, 501, 1
564, 501, -1
563, 502, -1
564, 502, 1
565, 503, -1
922, 503, 1
1346, 503, 1
568, 504, -1
922, 504, 1
1346, 504, 1
565, 505, 1
567, 505, -1
566, 506, -1
567, 506, 1
294, 507, 1
338, 507, -1
568, 507, 1
922, 507, -1
231, 508, -1
377, 508, 1
1400, 508, 1
571, 509, -1
928, 509, 1
1346, 509, 1
568, 510, -1
572, 510, 1
1493, 510, -1
568, 511, -1
570, 511, 1
568, 512, 1
570, 512, -1
569, 513, -1
570, 513, 1
568, 514, -1
570, 514, 1
1121, 515, -1
1122, 515, 1
1349, 516, 1
1350, 516, -1
1349, 517, 1
1350, 517, -1
573, 518, -1
1589, 518, 1
547, 519, 1
573, 519, -1
1362, 519, 1
520, 520, 1
573, 520, -1
573, 521, 1
575, 521, -1
573, 522, 1
575, 522, -1
574, 523, -1
575, 523, 1
520, 524, -1
594, 525, 1
595, 525, -1
374, 526, -1
1346, 526, 1
576, 527, -1
634, 527, 1
580, 528, 1
581, 528, -1
576, 529, 1
578, 529, -1
577, 530, -1
578, 530, 1
2, 531, -1
1206, 531, 1
4, 532, -1
1208, 532, 1
6, 533, -1
1210, 533, 1
8, 534, -1
1212, 534, 1
10, 535, -1
1214, 535, 1
12, 536, -1
1216, 536, 1
14, 537, -1
1218, 537, 1
374, 538, 1
376, 538, -1
375, 539, -1
376, 539, 1
582, 540, -1
583, 540, 1
66, 541, -1
1346, 541, 1
81, 542, -1
1038, 542, 1
80, 543, -1
81, 543, 1
81, 544, 1
83, 544, -1
27, 545, -1
28, 545, 1
488, 546, 1
1206, 546, -1
494, 547, 1
1208, 547, -1
493, 548, 1
1210, 548, -1
490, 549, 1
1212, 549, -1
489, 550, 1
1214, 550, -1
492, 551, 1
1216, 551, -1
491, 552, 1
1218, 552, -1
585, 553, -1
637, 553, 1
586, 554, 1
747, 554, 1
1371, 554, -1
584, 555, -1
661, 555, 1
590, 556, -1
591, 556, 1
596, 557, -1
597, 557, 1
598, 558, -1
680, 558, 1
599, 559, -1
677, 559, 1
599, 560, 1
601, 560, -1
600, 561, -1
601, 561, 1
605, 562, -1
606, 562, 1
123, 563, 1
124, 563, -1
120, 564, 1
122, 564, -1
121, 565, -1
122, 565, 1
119, 566, 1
120, 566, -1
116, 567, 1
683, 567, -1
1246, 567, -1
123, 568, -1
772, 568, 1
1346, 568, 1
608, 569, 1
609, 569, -1
610, 570, -1
611, 570, 1
612, 571, 1
614, 571, -1
613, 572, -1
614, 572, 1
74, 573, -1
207, 573, 1
75, 574, -1
208, 574, 1
616, 575, -1
619, 575, 1
1246, 575, -1
1346, 575, 1
617, 576, -1
618, 576, 1
616, 577, 1
618, 577, -1
69, 578, -1
70, 578, 1
70, 579, -1
71, 579, 1
70, 580, 1
72, 580, -1
1387, 580, 1
496, 581, -1
620, 581, 1
620, 582, -1
951, 582, 1
73, 583, -1
1453, 583, 1
73, 584, 1
452, 584, -1
1346, 584, -1
621, 585, -1
1455, 585, 1
621, 586, 1
628, 586, -1
861, 586, -1
129, 587, 1
623, 587, -1
1191, 587, -1
273, 588, 1
624, 588, -1
826, 588, 1
625, 589, -1
1201, 589, 1
1349, 589, -1
1350, 589, 1
625, 590, -1
1121, 590, 1
1122, 590, -1
1201, 590, 1
475, 591, 1
625, 591, -1
495, 592, -1
627, 592, 1
79, 593, -1
260, 593, 1
238, 594, -1
274, 594, -1
628, 594, 1
629, 595, -1
954, 595, 1
365, 596, -1
622, 596, 1
116, 597, -1
176, 597, 1
176, 598, -1
177, 598, 1
632, 599, -1
633, 599, 1
634, 600, 1
636, 600, -1
635, 601, -1
636, 601, 1
78, 602, -1
126, 602, 1
78, 603, -1
262, 603, 1
78, 604, -1
262, 604, 1
138, 605, 1
638, 605, -1
747, 605, 1
138, 606, 1
638, 606, -1
747, 606, 1
641, 607, -1
899, 607, 1
995, 607, -1
641, 608, 1
918, 608, -1
151, 609, -1
364, 609, 1
396, 609, -1
1350, 609, 1
642, 610, 1
645, 610, -1
1121, 610, -1
1122, 610, 1
644, 611, 1
647, 611, -1
1121, 611, -1
1122, 611, 1
128, 612, 1
129, 612, -1
642, 612, 1
645, 612, -1
128, 613, 1
129, 613, -1
644, 613, 1
647, 613, -1
646, 614, -1
647, 614, 1
643, 615, -1
644, 615, 1
244, 616, -1
266, 617, -1
290, 618, -1
954, 619, -1
1204, 620, -1
624, 621, 1
626, 621, -1
365, 622, -1
626, 622, 1
76, 623, -1
174, 623, 1
649, 624, -1
650, 624, 1
651, 625, -1
127, 626, -1
1226, 626, 1
131, 627, -1
300, 627, 1
772, 627, 1
652, 628, 1
653, 628, -1
1349, 628, -1
1350, 628, 1
652, 629, 1
653, 629, -1
1121, 629, 1
1122, 629, -1
654, 630, -1
655, 630, 1
907, 630, 1
910, 630, -2
656, 631, -1
657, 631, 1
1483, 631, 1
1484, 631, -1
658, 632, -1
659, 632, 1
907, 632, 1
910, 632, -2
113, 633, 1
1384, 633, -1
1384, 634, 1
1386, 634, -1
1385, 635, -1
1386, 635, 1
666, 636, 1
669, 636, -1
670, 637, -1
671, 637, 1
675, 638, -1
676, 638, 1
674, 639, 1
677, 639, -1
130, 640, 1
677, 640, -1
1581, 640, 1
677, 641, 1
679, 641, -1
678, 642, -1
679, 642, 1
674, 643, 1
680, 643, -1
142, 644, 1
681, 644, -1
681, 645, 1
772, 645, -1
1346, 645, -1
681, 646, 1
682, 646, -1
1012, 647, 1
1014, 647, -1
1013, 648, -1
1014, 648, 1
253, 649, 1
683, 649, -1
588, 650, 1
1451, 650, -1
588, 651, 1
1451, 651, -1
603, 652, 1
1449, 652, -1
603, 653, 1
1449, 653, -1
486, 654, 1
1432, 654, -1
486, 655, 1
1432, 655, -1
1142, 656, 1
1479, 656, -1
1142, 657, 1
1479, 657, -1
1433, 658, -1
1450, 658, 1
1433, 659, -1
1450, 659, 1
1224, 660, 1
1482, 660, -1
1224, 661, 1
1482, 661, -1
937, 662, 1
1434, 662, -1
937, 663, 1
1434, 663, -1
1181, 664, 1
1481, 664, -1
1181, 665, 1
1481, 665, -1
1192, 666, 1
1431, 666, -1
1192, 667, 1
1431, 667, -1
463, 668, -1
464, 668, 1
463, 669, -1
464, 669, 1
939, 670, 1
1454, 670, -1
939, 671, 1
1454, 671, -1
1179, 672, 1
1480, 672, -1
1179, 673, 1
1480, 673, -1
686, 674, 1
687, 674, -1
528, 675, -1
687, 675, 1
688, 675, -1
1552, 675, 1
684, 676, 1
1552, 676, 1
1579, 676, -2
684, 677, -1
685, 677, 1
1552, 677, 1
1579, 677, -1
685, 678, -1
688, 678, 1
1552, 678, 1
1579, 678, -1
1578, 679, -1
1579, 679, 1
181, 680, -1
455, 680, 1
193, 681, -1
962, 681, 1
197, 682, -1
1178, 682, 1
189, 683, -1
587, 683, 1
190, 684, -1
602, 684, 1
205, 685, -1
1447, 685, 1
194, 686, -1
936, 686, 1
200, 687, -1
1193, 687, 1
119, 688, -1
772, 688, 1
1346, 688, 1
119, 689, 1
275, 689, -1
278, 690, 1
603, 690, -1
1003, 690, 1
1004, 690, -1
278, 691, 1
1003, 691, -1
1028, 691, 1
1142, 691, -1
278, 692, 1
937, 692, -1
1004, 692, -1
1007, 692, 1
278, 693, 1
1007, 693, -1
1029, 693, 1
1142, 693, -1
690, 694, 1
691, 694, -1
156, 695, -1
1246, 695, 1
71, 696, -3
692, 696, 1
1390, 696, -3
72, 697, 3
692, 697, -1
72, 698, 3
714, 698, 1
734, 698, -1
300, 699, 1
695, 699, -1
695, 700, 1
697, 700, -1
696, 701, -1
697, 701, 1
698, 702, 1
700, 702, -1
699, 703, -1
700, 703, 1
701, 704, 1
703, 704, -1
702, 705, -1
703, 705, 1
17, 706, -1
20, 707, -1
24, 708, -1
27, 709, -1
58, 710, -1
60, 711, -1
62, 712, -1
64, 713, -1
67, 714, -1
82, 715, -1
121, 716, -1
164, 717, -1
167, 718, -1
172, 719, -1
178, 720, -1
184, 721, -1
203, 722, -1
232, 723, -1
235, 724, -1
246, 725, -1
263, 726, -1
280, 727, -1
283, 728, -1
295, 729, -1
298, 730, -1
301, 731, -1
308, 732, -1
310, 733, -1
313, 734, -1
317, 735, -1
323, 736, -1
327, 737, -1
330, 738, -1
332, 739, -1
339, 740, -1
344, 741, -1
347, 742, -1
352, 743, -1
359, 744, -1
362, 745, -1
369, 746, -1
372, 747, -1
375, 748, -1
378, 749, -1
381, 750, -1
387, 751, -1
390, 752, -1
404, 754, -1
423, 755, -1
431, 756, -1
428, 757, -1
434, 758, -1
439, 759, -1
442, 760, -1
446, 761, -1
450, 762, -1
466, 763, -1
469, 764, -1
472, 765, -1
477, 766, -1
480, 767, -1
484, 768, -1
498, 769, -1
501, 770, -1
506, 771, -1
511, 772, -1
521, 773, -1
524, 775, -1
527, 776, -1
537, 777, -1
534, 778, -1
544, 779, -1
548, 780, -1
554, 781, -1
557, 782, -1
560, 783, -1
563, 784, -1
566, 785, -1
569, 786, -1
574, 787, -1
577, 788, -1
582, 789, -1
590, 790, -1
596, 791, -1
600, 792, -1
605, 793, -1
610, 794, -1
613, 795, -1
617, 796, -1
632, 797, -1
635, 798, -1
643, 799, -1
646, 800, -1
649, 801, -1
670, 802, -1
675, 803, -1
678, 804, -1
686, 805, -1
690, 806, -1
693, 807, -1
696, 808, -1
699, 809, -1
702, 810, -1
706, 811, -1
709, 812, -1
715, 814, -1
717, 815, -1
720, 816, -1
726, 817, -1
723, 818, -1
732, 819, -1
729, 820, -1
735, 821, -1
741, 822, -1
738, 823, -1
748, 824, -1
754, 825, -1
757, 826, -1
761, 827, -1
764, 828, -1
767, 829, -1
770, 830, -1
774, 831, -1
777, 832, -1
780, 833, -1
783, 834, -1
786, 835, -1
789, 836, -1
793, 837, -1
798, 838, -1
795, 839, -1
801, 840, -1
804, 841, -1
807, 842, -1
810, 843, -1
813, 844, -1
817, 845, -1
819, 846, -1
824, 847, -1
840, 849, -1
843, 850, -1
846, 851, -1
848, 852, -1
851, 853, -1
854, 854, -1
862, 855, -1
868, 856, -1
871, 857, -1
874, 858, -1
876, 859, -1
879, 860, -1
885, 861, -1
882, 862, -1
888, 863, -1
896, 864, -1
903, 865, -1
906, 866, -1
909, 867, -1
913, 869, -1
916, 870, -1
920, 871, -1
923, 873, -1
925, 875, -1
926, 876, -1
930, 877, -1
933, 878, -1
941, 879, -1
945, 880, -1
957, 881, -1
964, 882, -1
967, 883, -1
975, 884, -1
979, 885, -1
984, 886, -1
987, 887, -1
990, 888, -1
993, 889, -1
997, 890, -1
1001, 891, -1
1005, 892, -1
1013, 893, -1
1016, 894, -1
1021, 895, -1
1024, 896, -1
1032, 897, -1
1030, 898, -1
1039, 899, -1
1043, 900, -1
1047, 901, -1
1050, 902, -1
1055, 903, -1
1059, 904, -1
1062, 905, -1
1065, 906, -1
1068, 907, -1
1072, 908, -1
1076, 909, -1
1079, 910, -1
1082, 911, -1
1086, 912, -1
1089, 913, -1
1093, 914, -1
1096, 915, -1
1100, 916, -1
1104, 917, -1
1110, 918, -1
1113, 919, -1
1116, 920, -1
1119, 921, -1
1124, 922, -1
1144, 923, -1
1148, 925, -1
1152, 927, -1
1156, 928, -1
1159, 929, -1
1162, 930, -1
1165, 931, -1
1169, 932, -1
1175, 934, -1
1183, 935, -1
1186, 936, -1
1189, 937, -1
1198, 938, -1
1202, 939, -1
1222, 940, -1
1244, 941, -1
1277, 942, -1
1280, 943, -1
1291, 945, -1
1294, 946, -1
1297, 947, -1
1307, 948, -1
1309, 949, -1
1318, 950, -1
1321, 951, -1
1333, 952, -1
1336, 953, -1
1339, 954, -1
1347, 955, -1
1355, 956, -1
1363, 957, -1
1369, 958, -1
1377, 959, -1
1385, 960, -1
1388, 961, -1
1396, 962, -1
1401, 963, -1
1404, 964, -1
1407, 965, -1
1410, 966, -1
1418, 967, -1
1425, 968, -1
1429, 969, -1
1439, 970, -1
1442, 971, -1
1445, 972, -1
1457, 973, -1
1462, 974, -1
1464, 975, -1
1468, 976, -1
1471, 977, -1
1474, 978, -1
1477, 979, -1
1487, 980, -1
1511, 981, -1
1515, 982, -1
1518, 983, -1
1521, 984, -1
1524, 985, -1
1526, 986, -1
1529, 987, -1
1531, 988, -1
1543, 989, -1
1558, 990, -1
1561, 991, -1
1564, 992, -1
1568, 993, -1
1574, 994, -1
1582, 995, -1
1587, 996, -1
1590, 997, -1
1593, 998, -1
1597, 999, -1
1601, 1000, -1
1605, 1001, -1
1610, 1002, -1
1614, 1003, -1
1617, 1004, -1
1, 1005, -2.230000e-04
149, 1005, -2.230000e-04
377, 1005, -5.137000e-01
396, 1005, -2.230000e-04
433, 1005, -2.958000e-01
441, 1005, -2.411000e-01
449, 1005, -2.411000e-01
471, 1005, -4.737000e-03
510, 1005, -4.737000e-03
523, 1005, -3.158000e-03
553, 1005, -3.158000e-03
568, 1005, -9.158000e-02
585, 1005, -2.617000e-02
598, 1005, -2.702000e-02
615, 1005, -2.702000e-02
672, 1005, -2.617000e-02
714, 1005, -7.106000e-03
853, 1005, -2.632000e-01
861, 1005, -2.632000e-01
867, 1005, -6.126000e-01
944, 1005, -9.474000e-02
978, 1005, -2.905000e-01
1000, 1005, -1.776000e-01
1005, 1005, -1.945000e-02
1023, 1005, -4.505000e-01
1038, 1005, -3.432000e-01
1088, 1005, -1.537000e-01
1099, 1005, -7.895000e-03
1106, 1005, -2.230000e-04
1112, 1005, -3.158000e-03
1118, 1005, -3.158000e-03
1140, 1005, -1.389000e-02
1236, 1005, -2.233000e-02
1237, 1005, -4.148000e-02
1238, 1005, -2.632000e-02
1239, 1005, -4.889000e-02
1276, 1005, -1.759000e-01
1279, 1005, -2.230000e-04
1317, 1005, -2.211000e-01
1343, 1005, -2.230000e-04
1365, 1005, -2.230000e-04
1387, 1005, -2.158000e-01
1393, 1005, -2.230000e-04
1406, 1005, -3.948000e-03
1455, 1005, -2.230000e-04
1460, 1005, -2.230000e-04
1461, 1005, -2.537000e-01
1510, 1005, -5.684000e-02
1528, 1005, -1.379000e-01
1551, 1005, -5.500000e-05
1592, 1005, -4.232000e-01
1616, 1005, -3.158000e-03
616, 1006, 1
705, 1006, -1
772, 1006, 1
705, 1007, -1
753, 1007, 1
705, 1008, 1
707, 1008, -1
706, 1009, -1
707, 1009, 1
278, 1010, 1
588, 1010, -1
589, 1010, 1
278, 1011, 1
603, 1011, -1
604, 1011, 1
278, 1012, 1
1142, 1012, -1
1517, 1012, 1
278, 1013, 1
1450, 1013, -1
1520, 1013, 1
278, 1014, 1
929, 1014, 1
1224, 1014, -1
278, 1015, 1
932, 1015, 1
937, 1015, -1
278, 1016, 1
1179, 1016, -1
1188, 1016, 1
589, 1017, 1
592, 1017, -1
604, 1018, 1
607, 1018, -1
1448, 1019, -1
1517, 1019, 1
1452, 1020, -1
1520, 1020, 1
929, 1021, 1
1289, 1021, -1
932, 1022, 1
935, 1022, -1
1182, 1023, 1
1413, 1023, -1
1185, 1024, 1
1194, 1024, -1
963, 1025, 1
969, 1025, -1
1180, 1026, -1
1188, 1026, 1
591, 1027, -1
592, 1027, 1
606, 1028, -1
607, 1028, 1
1448, 1029, 1
1519, 1029, -1
1452, 1030, 1
1522, 1030, -1
931, 1031, -1
1289, 1031, 1
934, 1032, -1
935, 1032, 1
1184, 1033, -1
1413, 1033, 1
1187, 1034, -1
1194, 1034, 1
965, 1035, -1
969, 1035, 1
1180, 1036, 1
1190, 1036, -1
289, 1039, 1
955, 1039, -1
709, 1040, -1
710, 1040, 1
708, 1041, 1
710, 1041, -1
708, 1042, -1
908, 1042, -1
955, 1042, 1
619, 1043, 1
713, 1043, -1
772, 1043, 1
705, 1044, 1
713, 1044, -1
712, 1045, 1
763, 1045, -1
711, 1046, 1
712, 1046, -1
619, 1047, 1
711, 1047, -1
1019, 1047, 1
1279, 1048, 1
1304, 1048, -1
749, 1049, -1
1349, 1049, -1
1350, 1049, 1
749, 1050, -1
1121, 1050, 1
1122, 1050, -1
826, 1051, 1
996, 1051, -1
1403, 1051, 1
708, 1052, 1
1123, 1052, -1
1403, 1052, 1
300, 1053, 1
698, 1053, -1
1403, 1053, 1
459, 1054, 1
468, 1054, -1
1403, 1054, 1
866, 1055, 1
1403, 1055, 1
1428, 1055, -1
505, 1061, 2
714, 1061, 1
718, 1061, -1
717, 1062, -1
718, 1062, 1
72, 1063, 1
714, 1063, 1
719, 1063, -1
719, 1064, 1
721, 1064, -1
720, 1065, -1
721, 1065, 1
722, 1066, 2
725, 1066, -2
722, 1067, 2
725, 1067, -2
722, 1068, 2
725, 1068, -2
1358, 1068, -1
1365, 1068, 1
722, 1069, -1
724, 1069, 1
723, 1070, 1
724, 1070, -1
725, 1071, 1
727, 1071, -1
715, 1072, -1
723, 1072, -1
726, 1072, 1
726, 1073, -1
727, 1073, 1
714, 1074, -2
714, 1075, 1
716, 1075, -1
715, 1076, -1
716, 1076, 1
728, 1077, 2
731, 1077, -2
728, 1078, 2
731, 1078, -2
728, 1079, 2
731, 1079, -2
1358, 1079, -1
1365, 1079, 1
729, 1080, 1
730, 1080, -1
728, 1081, -1
730, 1081, 1
731, 1082, 1
733, 1082, -1
715, 1083, -1
729, 1083, -1
732, 1083, 1
732, 1084, -1
733, 1084, 1
692, 1085, 2
734, 1085, -2
692, 1086, 2
734, 1086, -2
692, 1087, 2
734, 1087, -2
1358, 1087, -1
1365, 1087, 1
734, 1088, 1
736, 1088, -1
693, 1089, -1
715, 1089, -1
735, 1089, 1
693, 1090, 1
694, 1090, -1
735, 1091, -1
736, 1091, 1
692, 1092, -1
694, 1092, 1
737, 1093, 2
740, 1093, -2
737, 1094, 2
740, 1094, -2
737, 1095, 2
740, 1095, -2
1358, 1095, -1
1365, 1095, 1
738, 1096, 1
739, 1096, -1
737, 1097, -1
739, 1097, 1
740, 1098, 1
742, 1098, -1
715, 1099, -1
738, 1099, -1
741, 1099, 1
741, 1100, -1
742, 1100, 1
716, 1101, 4
753, 1102, 1
788, 1102, 1
1414, 1102, -1
747, 1103, -1
915, 1103, 1
744, 1104, -1
745, 1104, 1
1358, 1105, 1
1365, 1105, -1
1358, 1106, 1
1365, 1106, -1
1, 1107, -1
746, 1107, 1
1098, 1107, -1
1455, 1107, 1
747, 1111, 1
749, 1111, -1
748, 1112, -1
749, 1112, 1
747, 1113, -1
749, 1113, 1
766, 1114, -1
1121, 1114, -1
1122, 1114, 1
1417, 1114, 1
128, 1115, 1
129, 1115, -1
766, 1115, -1
1417, 1115, 1
704, 1116, -1
713, 1116, 1
759, 1117, -1
788, 1117, 1
1038, 1117, 1
756, 1118, 1
1332, 1118, -1
756, 1119, -1
759, 1119, 1
756, 1120, 1
758, 1120, -1
757, 1121, -1
758, 1121, 1
760, 1122, 1
762, 1122, -1
761, 1123, -1
762, 1123, 1
705, 1124, 1
755, 1124, -1
1246, 1124, -1
1346, 1124, 1
704, 1125, 1
755, 1125, -1
1246, 1125, -1
1346, 1125, 1
754, 1126, -1
755, 1126, 1
1, 1127, -1
747, 1127, 1
1455, 1127, 1
764, 1128, -1
765, 1128, 1
763, 1129, 1
765, 1129, -1
766, 1130, -1
1049, 1130, 1
766, 1131, 1
768, 1131, -1
766, 1132, 1
768, 1132, -1
767, 1133, -1
768, 1133, 1
304, 1134, -1
312, 1134, 1
815, 1134, -1
771, 1135, -1
841, 1135, 1
667, 1136, 1
672, 1136, -1
769, 1136, -1
770, 1137, -1
771, 1137, 1
258, 1138, 1
857, 1138, -1
877, 1139, -1
886, 1139, 1
43, 1140, 1
278, 1140, 1
603, 1140, -1
878, 1140, -1
56, 1141, 1
278, 1141, 1
878, 1141, -1
1142, 1141, -1
54, 1142, 1
278, 1142, 1
878, 1142, -1
1450, 1142, -1
47, 1143, 1
278, 1143, 1
878, 1143, -1
1224, 1143, -1
45, 1144, 1
278, 1144, 1
878, 1144, -1
937, 1144, -1
51, 1145, 1
278, 1145, 1
878, 1145, -1
1181, 1145, -1
49, 1146, 1
278, 1146, 1
878, 1146, -1
1192, 1146, -1
773, 1147, 1
775, 1147, -1
774, 1148, -1
775, 1148, 1
619, 1149, 1
878, 1149, -1
619, 1150, 1
878, 1150, -1
1349, 1150, -1
1350, 1150, 1
619, 1151, 1
878, 1151, -1
1121, 1151, 1
1122, 1151, -1
128, 1152, -1
129, 1152, 1
619, 1152, 1
878, 1152, -1
776, 1153, 1
778, 1153, -1
777, 1154, -1
778, 1154, 1
779, 1155, 1
781, 1155, -1
780, 1156, -1
781, 1156, 1
782, 1157, 1
784, 1157, -1
783, 1158, -1
784, 1158, 1
785, 1159, 1
787, 1159, -1
786, 1160, -1
787, 1160, 1
878, 1161, -1
884, 1161, 1
53, 1162, 1
859, 1162, -1
858, 1163, -1
859, 1163, 1
705, 1164, 1
816, 1164, -1
276, 1165, 1
788, 1165, -1
788, 1166, -1
839, 1166, 1
788, 1167, 1
790, 1167, -1
789, 1168, -1
790, 1168, 1
794, 1169, -1
799, 1169, 1
793, 1170, -1
794, 1170, 1
795, 1171, -1
796, 1171, 1
265, 1172, 1
800, 1172, -1
806, 1173, -1
1437, 1173, 1
124, 1174, 1
803, 1174, -1
806, 1175, 1
808, 1175, -1
807, 1176, -1
808, 1176, 1
803, 1177, 1
805, 1177, -1
804, 1178, -1
805, 1178, 1
800, 1179, 1
802, 1179, -1
801, 1180, -1
802, 1180, 1
792, 1181, 1
797, 1181, -1
796, 1182, -1
799, 1182, 1
797, 1183, 1
839, 1183, 1
1081, 1183, -1
791, 1184, 1
838, 1184, -1
1560, 1184, -1
809, 1185, 1
811, 1185, -1
1246, 1185, -1
1346, 1185, 1
810, 1186, -1
811, 1186, 1
812, 1187, 1
814, 1187, -1
813, 1188, -1
814, 1188, 1
769, 1189, -1
1560, 1189, 1
797, 1190, 1
799, 1190, -1
797, 1191, 1
799, 1191, -1
798, 1192, -1
799, 1192, 1
816, 1193, 1
818, 1193, -1
817, 1194, -1
818, 1194, 1
816, 1195, 1
820, 1195, -1
1246, 1195, -1
1346, 1195, 1
819, 1196, -1
820, 1196, 1
22, 1197, 1
772, 1197, -1
1, 1198, -1
743, 1198, 1
821, 1198, -1
1455, 1198, 1
743, 1199, 1
747, 1199, -1
821, 1199, -1
824, 1200, -1
825, 1200, 1
826, 1201, -1
887, 1201, 1
827, 1202, -1
830, 1202, 1
1302, 1203, 1
829, 1204, -1
1075, 1204, 1
829, 1205, -1
895, 1205, 1
1070, 1205, 1
705, 1207, -1
816, 1207, 1
853, 1207, -1
861, 1207, 1
833, 1208, 1
835, 1208, -1
234, 1209, 1
833, 1209, -1
861, 1209, 1
835, 1210, 1
837, 1210, -1
919, 1210, 1
837, 1211, 1
861, 1211, -1
1338, 1211, -1
867, 1212, 1
1106, 1212, 1
1387, 1212, -1
1455, 1212, -1
895, 1213, -1
458, 1214, 1
890, 1214, -1
304, 1215, -1
319, 1215, 1
839, 1215, -1
841, 1216, -1
844, 1216, 1
1349, 1216, -1
1350, 1216, 1
842, 1217, 1
844, 1217, -1
843, 1218, -1
844, 1218, 1
769, 1219, 1
890, 1219, -1
458, 1220, -1
769, 1220, 1
132, 1221, 1
265, 1221, -1
1346, 1221, 1
265, 1222, 1
845, 1222, -1
845, 1223, 1
847, 1223, -1
846, 1224, -1
847, 1224, 1
354, 1225, -1
890, 1225, 1
838, 1226, 1
973, 1226, -1
1560, 1226, -1
791, 1227, -1
834, 1227, 1
1560, 1227, -1
834, 1228, -1
836, 1228, 1
1560, 1228, -1
848, 1229, -1
849, 1229, 1
850, 1230, 1
852, 1230, -1
851, 1231, -1
852, 1231, 1
839, 1232, 1
841, 1232, -1
788, 1233, 1
841, 1233, -1
1246, 1233, -1
1346, 1233, 1
839, 1234, 1
841, 1234, -1
840, 1235, -1
841, 1235, 1
840, 1236, -1
841, 1236, 1
458, 1237, -1
890, 1237, 1
354, 1238, 1
769, 1238, -1
853, 1239, 1
861, 1239, -1
853, 1240, -1
856, 1240, 1
1494, 1240, -1
853, 1241, 1
855, 1241, -1
854, 1242, -1
855, 1242, 1
809, 1243, -1
1435, 1243, 1
858, 1244, 1
861, 1244, -1
234, 1245, -1
236, 1245, 1
861, 1245, 1
863, 1245, -1
568, 1246, -1
861, 1246, -1
864, 1246, 1
234, 1247, 1
861, 1247, -1
368, 1248, 1
861, 1248, -1
853, 1249, -1
861, 1249, 1
855, 1250, -1
863, 1250, 1
853, 1251, -1
861, 1251, 1
1311, 1251, 1
1324, 1251, -1
860, 1252, -1
861, 1252, 1
368, 1253, -1
853, 1253, -1
861, 1253, 2
857, 1254, 1
865, 1254, -1
1495, 1254, 1
861, 1255, -1
865, 1255, 1
1495, 1255, -1
861, 1256, 1
863, 1256, -1
861, 1257, 1
863, 1257, -1
861, 1258, 1
863, 1258, -1
862, 1259, -1
863, 1259, 1
132, 1260, 1
866, 1260, -2
871, 1261, -1
872, 1261, 1
870, 1262, 1
872, 1262, -1
114, 1263, 1
304, 1263, -1
867, 1263, -1
873, 1264, 1
875, 1264, -1
873, 1265, 1
875, 1265, -1
874, 1266, -1
875, 1266, 1
876, 1267, -1
877, 1267, 1
878, 1268, 1
880, 1268, -1
878, 1269, 1
880, 1269, -1
879, 1270, -1
880, 1270, 1
881, 1271, 1
883, 1271, -1
882, 1272, -1
883, 1272, 1
616, 1273, 1
884, 1273, -1
228, 1274, 1
881, 1274, -1
156, 1275, 1
881, 1275, -1
867, 1276, -1
1106, 1276, 1
1455, 1276, -1
866, 1277, -1
887, 1277, 1
866, 1278, -1
887, 1278, 1
887, 1279, 1
889, 1279, -1
887, 1280, 1
889, 1280, -1
888, 1281, -1
889, 1281, 1
866, 1282, 1
887, 1282, -1
1349, 1282, -1
1350, 1282, 1
866, 1283, 1
887, 1283, -1
1121, 1283, 1
1122, 1283, -1
128, 1284, -1
129, 1284, 1
866, 1284, 1
887, 1284, -1
885, 1285, -1
886, 1285, 1
884, 1286, -1
886, 1286, 1
878, 1287, 1
884, 1287, -1
908, 1288, 1
1012, 1288, 1
1027, 1288, -1
1012, 1289, 1
1126, 1289, -1
867, 1290, -1
891, 1290, 1
1496, 1290, -1
867, 1291, 1
869, 1291, -1
867, 1292, 1
869, 1292, -1
868, 1293, -1
869, 1293, 1
827, 1294, 1
829, 1294, -1
355, 1295, 1
893, 1295, -1
892, 1296, 1
894, 1296, -1
892, 1297, -1
893, 1297, 1
895, 1298, -1
983, 1298, 1
853, 1299, -1
861, 1299, 1
895, 1299, 1
1600, 1299, -1
896, 1300, -1
897, 1300, 1
275, 1301, -1
1371, 1301, 1
275, 1302, 1
842, 1302, -1
828, 1303, 1
830, 1303, -1
898, 1304, -1
500, 1305, 1
773, 1305, -1
878, 1305, 1
502, 1306, 1
775, 1306, -1
880, 1306, 1
695, 1307, 1
776, 1307, -1
878, 1307, 1
697, 1308, 1
778, 1308, -1
880, 1308, 1
785, 1309, -1
878, 1309, 1
1387, 1309, 1
787, 1310, -1
880, 1310, 1
1389, 1310, 1
779, 1311, -1
878, 1311, 1
884, 1311, 1
781, 1312, -1
880, 1312, 1
886, 1312, 1
782, 1313, -1
878, 1313, 1
989, 1313, 1
784, 1314, -1
880, 1314, 1
991, 1314, 1
752, 1315, 1
899, 1315, -1
995, 1315, -1
900, 1316, -1
901, 1316, 1
905, 1316, 1
908, 1316, -2
895, 1317, 1
902, 1317, -1
902, 1318, 1
904, 1318, -1
903, 1319, -1
904, 1319, 1
908, 1320, 1
911, 1320, -1
1409, 1320, 1
908, 1321, -1
911, 1321, 1
1409, 1321, -1
906, 1322, -1
907, 1322, 1
905, 1323, -1
908, 1323, 2
499, 1324, 1
863, 1324, 1
910, 1324, -1
908, 1325, -1
910, 1325, 1
908, 1326, 1
910, 1326, -1
909, 1327, -1
910, 1327, 1
864, 1328, -1
867, 1328, -1
908, 1328, 1
365, 1329, 1
747, 1329, 1
79, 1330, 1
747, 1330, 1
831, 1331, -1
1302, 1331, 1
831, 1332, 1
1603, 1333, 1
912, 1335, -1
1596, 1335, 1
895, 1336, 1
912, 1336, -1
1324, 1336, -1
912, 1337, 1
914, 1337, -1
913, 1338, -1
914, 1338, 1
912, 1339, 1
914, 1339, -1
760, 1340, 1
850, 1340, -1
812, 1341, -1
1437, 1341, 1
849, 1342, -1
852, 1342, 1
920, 1343, -1
921, 1343, 1
922, 1346, -1
1406, 1346, 1
922, 1347, -1
924, 1347, 1
923, 1348, -1
924, 1348, 1
916, 1349, -1
917, 1349, 1
915, 1350, 1
917, 1350, -1
181, 1351, -1
291, 1351, 1
193, 1352, -1
217, 1352, 1
197, 1353, -1
221, 1353, 1
189, 1354, -1
213, 1354, 1
190, 1355, -1
214, 1355, 1
205, 1356, -1
227, 1356, 1
194, 1357, -1
218, 1357, 1
200, 1358, -1
224, 1358, 1
226, 1359, 1
245, 1359, -1
1191, 1359, -1
183, 1360, 1
185, 1360, -1
184, 1361, -1
185, 1361, 1
927, 1362, 1
364, 1363, 1
396, 1363, -1
928, 1363, -1
1088, 1363, 1
928, 1364, -1
1088, 1364, 2
1109, 1364, -1
930, 1365, -1
931, 1365, 1
933, 1366, -1
934, 1366, 1
935, 1367, -1
936, 1367, 1
752, 1368, -1
938, 1368, 1
1279, 1368, -1
943, 1369, -1
1283, 1369, 1
959, 1370, -1
1285, 1370, 1
356, 1371, -1
952, 1371, 1
1028, 1371, -1
356, 1372, -1
943, 1372, 1
952, 1372, -1
356, 1373, -1
959, 1373, 1
1283, 1373, -1
356, 1374, -1
526, 1374, 1
836, 1374, -1
249, 1375, -1
251, 1375, 1
788, 1376, 1
839, 1376, -1
1071, 1377, 1
1075, 1377, -1
705, 1378, 1
753, 1378, -1
963, 1379, 1
965, 1379, -1
940, 1380, -1
942, 1380, 1
940, 1381, -1
942, 1381, 1
941, 1382, -1
942, 1382, 1
944, 1383, 1
948, 1383, -1
947, 1384, -1
948, 1384, 1
944, 1385, -1
949, 1385, 1
1497, 1385, -1
944, 1386, 1
946, 1386, -1
944, 1387, 1
946, 1387, -1
945, 1388, -1
946, 1388, 1
950, 1389, -1
1196, 1389, 1
1417, 1389, 1
766, 1390, 1
951, 1390, -1
1196, 1390, 1
953, 1391, 1
1300, 1391, -4
240, 1392, -1
241, 1392, 1
956, 1393, -1
958, 1393, 1
957, 1394, -1
958, 1394, 1
243, 1395, -1
300, 1395, 1
1346, 1395, 1
273, 1396, -1
274, 1396, 1
627, 1397, -1
950, 1397, 1
202, 1398, 1
204, 1398, -1
203, 1399, -1
204, 1399, 1
132, 1400, 1
960, 1400, -1
881, 1401, 1
960, 1401, -1
881, 1402, 1
960, 1402, -1
452, 1403, 1
956, 1403, -1
956, 1404, -1
1284, 1404, 1
956, 1405, -1
1420, 1405, -1
1423, 1405, 1
368, 1406, 1
861, 1406, -1
947, 1406, 1
982, 1406, -1
966, 1407, -1
1596, 1407, 1
964, 1408, -1
965, 1408, 1
294, 1409, 1
304, 1409, -1
963, 1409, -1
969, 1409, 1
966, 1410, -1
983, 1410, 1
1324, 1410, -1
915, 1411, -1
1349, 1411, -1
1350, 1411, 1
915, 1412, -1
1121, 1412, 1
1122, 1412, -1
128, 1413, -1
129, 1413, 1
915, 1413, -1
1341, 1414, -1
1342, 1414, 1
967, 1415, -1
968, 1415, 1
966, 1416, 1
968, 1416, -1
368, 1418, 1
972, 1418, -1
503, 1419, -1
971, 1419, 1
503, 1420, -1
971, 1420, 1
69, 1421, 1
971, 1421, -1
1346, 1421, 1
866, 1422, 1
972, 1422, -1
1417, 1422, 1
262, 1423, -1
974, 1423, 1
262, 1424, -1
974, 1424, 1
974, 1425, 1
976, 1425, -1
975, 1426, -1
976, 1426, 1
366, 1427, 1
689, 1427, 1
853, 1427, -1
861, 1427, 1
1316, 1427, -1
689, 1428, -1
982, 1428, 1
115, 1429, -1
206, 1429, 1
208, 1430, 1
368, 1430, -1
861, 1430, 1
978, 1430, -1
978, 1431, -1
981, 1431, 1
1498, 1431, -1
978, 1432, 1
980, 1432, -1
978, 1433, 1
980, 1433, -1
979, 1434, -1
980, 1434, 1
751, 1435, 1
983, 1435, -1
983, 1436, -1
1600, 1436, 1
984, 1437, -1
985, 1437, 1
986, 1438, -1
988, 1438, 1
986, 1439, 1
988, 1439, -1
987, 1440, -1
988, 1440, 1
989, 1441, 1
991, 1441, -1
966, 1442, 1
992, 1442, -1
1362, 1442, 1
983, 1443, 1
992, 1443, -1
990, 1444, -1
991, 1444, 1
992, 1445, 1
994, 1445, -1
992, 1446, 1
994, 1446, -1
993, 1447, -1
994, 1447, 1
641, 1448, 1
995, 1448, -1
918, 1449, -1
995, 1449, 1
169, 1450, -1
171, 1450, 1
137, 1451, 1
169, 1451, -1
137, 1452, -1
170, 1452, 1
170, 1453, 1
207, 1453, -1
304, 1453, -1
996, 1454, 1
998, 1454, -1
997, 1455, -1
998, 1455, 1
1004, 1456, -1
1006, 1456, 1
1005, 1457, 1
1006, 1457, -1
74, 1458, -1
383, 1458, 1
75, 1459, 1
112, 1459, -1
278, 1460, 1
293, 1460, -1
341, 1460, 1
1045, 1460, -1
304, 1461, -1
341, 1461, 1
1045, 1461, -1
291, 1462, -1
304, 1462, 2
217, 1463, -1
304, 1463, 1
460, 1463, 1
221, 1464, -1
304, 1464, 1
969, 1464, 1
213, 1465, -1
304, 1465, 1
1180, 1465, 1
214, 1466, -1
304, 1466, 1
592, 1466, 1
227, 1467, -1
304, 1467, 1
607, 1467, 1
218, 1468, -1
304, 1468, 1
1448, 1468, 1
224, 1469, -1
304, 1469, 1
1289, 1469, 1
509, 1470, 1
1009, 1470, -1
1008, 1471, -1
1009, 1471, 1
421, 1472, -1
1008, 1472, 1
1246, 1472, -1
175, 1473, -1
1608, 1473, 1
1000, 1474, 1
1002, 1474, -1
1000, 1475, 1
1002, 1475, -1
1000, 1476, -1
1002, 1476, 1
1001, 1477, -1
1002, 1477, 1
333, 1478, 1
528, 1478, -1
1539, 1478, -1
1554, 1478, 1
797, 1479, 1
839, 1479, 1
1020, 1479, -1
799, 1480, 1
841, 1480, 1
1022, 1480, -1
81, 1481, 1
282, 1481, -1
285, 1481, 1
1018, 1482, 1
1126, 1482, -1
286, 1483, -1
377, 1483, 1
861, 1483, 1
1015, 1484, 1
1019, 1484, -1
16, 1485, 1
1018, 1485, -1
19, 1486, 1
1019, 1486, -1
1020, 1487, -1
1022, 1487, 1
1021, 1488, -1
1022, 1488, 1
1020, 1489, 1
1022, 1489, -1
1012, 1490, -1
1346, 1490, 1
1012, 1491, -1
1346, 1491, 1
1349, 1491, -1
1350, 1491, 1
250, 1492, -1
368, 1492, 1
861, 1492, -1
1023, 1492, 1
1023, 1493, -1
1026, 1493, 1
1499, 1493, -1
1023, 1494, 1
1025, 1494, -1
1023, 1495, 1
1025, 1495, -1
1024, 1496, -1
1025, 1496, 1
908, 1497, -1
1027, 1497, 1
1126, 1497, -1
1029, 1498, -1
1031, 1498, 1
527, 1499, -1
925, 1499, 1
930, 1499, -1
926, 1500, 1
930, 1500, -1
1032, 1500, -1
1028, 1501, -1
1033, 1501, 1
1032, 1502, 1
1033, 1502, -1
1035, 1503, 1
1036, 1503, -1
1534, 1503, -1
44, 1504, -1
606, 1504, 1
880, 1504, 1
57, 1505, -1
880, 1505, 1
1519, 1505, 1
55, 1506, -1
880, 1506, 1
1522, 1506, 1
48, 1507, -1
880, 1507, 1
931, 1507, 1
46, 1508, -1
880, 1508, 1
934, 1508, 1
52, 1509, -1
880, 1509, 1
1184, 1509, 1
50, 1510, -1
880, 1510, 1
1187, 1510, 1
29, 1511, -1
606, 1511, 1
778, 1511, 1
30, 1512, -1
778, 1512, 1
1519, 1512, 1
31, 1513, -1
778, 1513, 1
1522, 1513, 1
32, 1514, -1
778, 1514, 1
931, 1514, 1
33, 1515, -1
778, 1515, 1
934, 1515, 1
34, 1516, -1
778, 1516, 1
1184, 1516, 1
35, 1517, -1
778, 1517, 1
1187, 1517, 1
36, 1518, -1
606, 1518, 1
781, 1518, 1
37, 1519, -1
781, 1519, 1
1519, 1519, 1
38, 1520, -1
781, 1520, 1
1522, 1520, 1
39, 1521, -1
781, 1521, 1
931, 1521, 1
40, 1522, -1
781, 1522, 1
934, 1522, 1
41, 1523, -1
781, 1523, 1
1184, 1523, 1
42, 1524, -1
781, 1524, 1
1187, 1524, 1
117, 1525, -1
604, 1525, 1
878, 1525, 1
161, 1526, -1
878, 1526, 1
1517, 1526, 1
159, 1527, -1
878, 1527, 1
1520, 1527, 1
135, 1528, -1
878, 1528, 1
929, 1528, 1
133, 1529, -1
878, 1529, 1
932, 1529, 1
147, 1530, -1
878, 1530, 1
1182, 1530, 1
145, 1531, -1
878, 1531, 1
1185, 1531, 1
84, 1532, -1
412, 1532, 1
776, 1532, 1
1247, 1532, -1
86, 1533, -1
413, 1533, 1
776, 1533, 1
1249, 1533, -1
88, 1534, -1
414, 1534, 1
776, 1534, 1
1251, 1534, -1
90, 1535, -1
415, 1535, 1
776, 1535, 1
1253, 1535, -1
92, 1536, -1
416, 1536, 1
776, 1536, 1
1255, 1536, -1
94, 1537, -1
417, 1537, 1
776, 1537, 1
1257, 1537, -1
96, 1538, -1
418, 1538, 1
776, 1538, 1
1259, 1538, -1
98, 1539, -1
412, 1539, 1
779, 1539, 1
1247, 1539, -1
100, 1540, -1
413, 1540, 1
779, 1540, 1
1249, 1540, -1
102, 1541, -1
414, 1541, 1
779, 1541, 1
1251, 1541, -1
104, 1542, -1
415, 1542, 1
779, 1542, 1
1253, 1542, -1
106, 1543, -1
416, 1543, 1
779, 1543, 1
1255, 1543, -1
108, 1544, -1
417, 1544, 1
779, 1544, 1
1257, 1544, -1
110, 1545, -1
418, 1545, 1
779, 1545, 1
1259, 1545, -1
84, 1546, -1
604, 1546, 1
776, 1546, 1
86, 1547, -1
776, 1547, 1
1517, 1547, 1
88, 1548, -1
776, 1548, 1
1520, 1548, 1
90, 1549, -1
776, 1549, 1
929, 1549, 1
92, 1550, -1
776, 1550, 1
932, 1550, 1
94, 1551, -1
776, 1551, 1
1182, 1551, 1
96, 1552, -1
776, 1552, 1
1185, 1552, 1
98, 1553, -1
604, 1553, 1
779, 1553, 1
100, 1554, -1
779, 1554, 1
1517, 1554, 1
102, 1555, -1
779, 1555, 1
1520, 1555, 1
104, 1556, -1
779, 1556, 1
929, 1556, 1
106, 1557, -1
779, 1557, 1
932, 1557, 1
108, 1558, -1
779, 1558, 1
1182, 1558, 1
110, 1559, -1
779, 1559, 1
1185, 1559, 1
113, 1560, 1
1387, 1560, -1
26, 1561, 1
1038, 1561, -1
1038, 1562, -1
1041, 1562, 1
1500, 1562, -1
1038, 1563, 1
1040, 1563, -1
1038, 1564, 1
1040, 1564, -1
1038, 1565, -1
1040, 1565, 1
1039, 1566, -1
1040, 1566, 1
1042, 1567, -1
1613, 1567, 1
1042, 1568, 1
1044, 1568, -1
1043, 1569, -1
1044, 1569, 1
1015, 1570, -1
1346, 1570, 1
1349, 1570, -1
1350, 1570, 1
1015, 1571, -1
1121, 1571, 1
1122, 1571, -1
1346, 1571, 1
1015, 1572, 1
1017, 1572, -1
1016, 1573, -1
1017, 1573, 1
705, 1574, 1
1115, 1574, -1
293, 1575, 1
1045, 1575, -1
1046, 1576, -1
1346, 1576, 1
1046, 1577, 1
1048, 1577, -1
1047, 1578, -1
1048, 1578, 1
304, 1579, -1
866, 1579, -1
1049, 1579, 1
304, 1580, -1
321, 1580, 1
1054, 1580, -1
1058, 1581, 1
1060, 1581, -1
1059, 1582, -1
1060, 1582, 1
1061, 1583, 1
1063, 1583, -1
1062, 1584, -1
1063, 1584, 1
1064, 1585, 1
1066, 1585, -1
1065, 1586, -1
1066, 1586, 1
1067, 1587, 1
1069, 1587, -1
1068, 1588, -1
1069, 1588, 1
1054, 1589, 1
1056, 1589, -1
1053, 1590, 1
1056, 1590, -1
1246, 1590, -1
1346, 1590, 1
1055, 1591, -1
1056, 1591, 1
1049, 1592, 1
1051, 1592, -1
1049, 1593, 1
1051, 1593, -1
1050, 1594, -1
1051, 1594, 1
829, 1595, 1
1070, 1595, -1
705, 1596, 1
1071, 1596, -1
1071, 1597, 1
1073, 1597, -1
1072, 1598, -1
1073, 1598, 1
760, 1599, 1
1078, 1599, -1
1074, 1600, 1
1080, 1600, -1
1246, 1600, -1
1346, 1600, 1
1079, 1601, -1
1080, 1601, 1
881, 1602, 1
1071, 1602, 1
1074, 1602, -1
1071, 1603, 1
1077, 1603, -1
1246, 1603, -1
1346, 1603, 1
1076, 1604, -1
1077, 1604, 1
140, 1605, 1
141, 1605, -1
1103, 1606, -1
1346, 1606, 1
1417, 1606, 1
141, 1607, 1
1177, 1607, -1
1301, 1607, -1
278, 1608, -1
1045, 1608, 1
1052, 1608, -1
559, 1609, -1
1084, 1609, -1
1346, 1609, 1
1444, 1609, 1
376, 1610, 1
1138, 1610, -1
1140, 1610, 1
382, 1611, 1
1138, 1611, -1
1139, 1611, 1
376, 1612, 2
1137, 1612, -1
1141, 1612, 1
376, 1613, 1
1133, 1613, 1
1140, 1613, -1
376, 1614, 1
1134, 1614, 1
1141, 1614, -1
376, 1615, 1
1136, 1615, 1
1138, 1615, -1
376, 1616, 1
1131, 1616, 1
1136, 1616, -1
376, 1617, 1
1130, 1617, 1
1135, 1617, -1
1131, 1618, 1
1133, 1618, -1
1129, 1619, -1
1130, 1619, 1
1136, 1620, 1
1140, 1620, -1
1132, 1621, 1
1134, 1621, -1
1049, 1622, -1
1177, 1622, 1
1049, 1623, -1
1177, 1623, 1
1349, 1623, -1
1350, 1623, 1
1049, 1624, -1
1121, 1624, 1
1122, 1624, -1
1177, 1624, 1
268, 1625, -1
638, 1625, 1
1049, 1626, -1
1346, 1626, 1
1049, 1627, -1
1346, 1627, 1
143, 1628, -1
918, 1628, 1
143, 1629, 1
155, 1629, -1
520, 1629, 1
1081, 1630, 1
1083, 1630, -1
1081, 1631, -1
1083, 1631, 1
1082, 1632, -1
1083, 1632, 1
142, 1633, -1
242, 1633, 1
396, 1634, 1
1088, 1634, -1
1085, 1635, 1
1087, 1635, -1
1086, 1636, -1
1087, 1636, 1
919, 1637, -1
1088, 1637, -1
1095, 1637, 1
919, 1638, -1
1088, 1638, -1
1092, 1638, 1
270, 1639, -1
928, 1639, -1
1088, 1639, 1
1455, 1639, 1
1095, 1640, 1
1097, 1640, -1
1096, 1641, -1
1097, 1641, 1
1092, 1642, 1
1094, 1642, -1
1093, 1643, -1
1094, 1643, 1
1088, 1644, 1
1095, 1644, -1
1483, 1644, 1
1484, 1644, -1
1088, 1645, 1
1092, 1645, -1
1483, 1645, 1
1484, 1645, -1
1088, 1646, -1
1098, 1646, 1
1501, 1646, -1
1088, 1647, 1
1090, 1647, -1
1089, 1648, -1
1090, 1648, 1
1099, 1649, 1
1101, 1649, -1
1100, 1650, -1
1101, 1650, 1
1099, 1651, 1
1101, 1651, -1
1099, 1652, 1
1101, 1652, -1
619, 1653, -1
1126, 1653, 1
989, 1654, 1
1102, 1654, -1
140, 1655, -1
1103, 1655, 1
1104, 1656, -1
1105, 1656, 1
382, 1657, 1
1129, 1657, 1
1140, 1657, -1
376, 1658, 1
1130, 1658, 1
1131, 1658, -1
382, 1659, 1
1135, 1659, 1
1138, 1659, -1
376, 1660, 1
1127, 1660, 1
1130, 1660, -1
382, 1661, 1
1128, 1661, 1
1139, 1661, -1
1127, 1662, 1
1128, 1662, -1
1135, 1663, 1
1139, 1663, -1
839, 1664, 1
1054, 1664, 1
1064, 1664, -1
839, 1665, 1
1064, 1665, 1
1067, 1665, -1
839, 1666, 1
1061, 1666, -1
1067, 1666, 1
839, 1667, 1
1058, 1667, -1
1061, 1667, 1
839, 1668, 1
1057, 1668, -1
1058, 1668, 1
402, 1669, 2
1131, 1669, -1
400, 1670, 1
402, 1670, 1
1130, 1670, -1
400, 1671, 2
1127, 1671, -1
402, 1672, 1
1132, 1672, -1
1133, 1672, 1
769, 1673, 1
1061, 1673, -1
1067, 1673, 1
769, 1674, 1
1058, 1674, -1
1061, 1674, 1
769, 1675, 1
1057, 1675, -1
1058, 1675, 1
1108, 1676, -1
1301, 1676, 1
1107, 1677, -1
1108, 1677, 1
1109, 1678, 1
1111, 1678, -1
1110, 1679, -1
1111, 1679, 1
1107, 1680, 1
1420, 1680, -1
1112, 1681, -1
1114, 1681, 1
1112, 1682, 1
1114, 1682, -1
1071, 1683, -1
1075, 1683, 1
1115, 1684, 1
1117, 1684, -1
1246, 1684, -1
1346, 1684, 1
1116, 1685, -1
1117, 1685, 1
120, 1686, 1
1078, 1686, -1
1112, 1687, 1
1114, 1687, -1
1113, 1688, -1
1114, 1688, 1
509, 1689, -1
520, 1689, 1
1010, 1689, 1
1034, 1689, -1
509, 1690, -1
520, 1690, 1
1004, 1690, 1
1010, 1690, -1
509, 1691, -1
520, 1691, 1
1011, 1691, 1
1285, 1691, -1
1118, 1692, 1
1120, 1692, -1
1119, 1693, -1
1120, 1693, 1
127, 1694, 1
207, 1694, -1
1106, 1694, -1
1455, 1694, 1
1138, 1695, 1
1540, 1695, -2
1551, 1695, 2
1137, 1696, 1
1138, 1696, -1
1540, 1696, -1
1551, 1696, 1
1123, 1697, 1
1125, 1697, -1
1124, 1698, -1
1125, 1698, 1
269, 1699, -1
271, 1699, 1
343, 1699, 1
1, 1700, 1
1091, 1700, -1
1091, 1701, 1
1106, 1701, -1
270, 1702, 1
1106, 1702, -1
267, 1703, -1
268, 1703, 1
267, 1704, 1
271, 1704, -1
288, 1705, -1
708, 1705, 1
919, 1705, 1
1510, 1705, 1
1144, 1706, -1
1145, 1706, 1
1143, 1707, 1
1145, 1707, -1
294, 1708, 1
307, 1708, -1
859, 1708, 1
1148, 1709, -1
1149, 1709, 1
1147, 1710, 1
1149, 1710, -1
1155, 1711, 1
1121, 1712, 1
1122, 1712, -1
1349, 1713, -1
1350, 1713, 1
1121, 1714, 1
1122, 1714, -1
128, 1715, -1
129, 1715, 1
1349, 1716, -1
1350, 1716, 1
128, 1717, -1
129, 1717, 1
357, 1719, 1
1150, 1719, 1
1349, 1720, -1
1350, 1720, 1
1121, 1721, 1
1122, 1721, -1
128, 1722, -1
129, 1722, 1
648, 1724, -1
1147, 1726, -1
1154, 1726, 1
1324, 1726, -1
666, 1734, -1
672, 1734, 1
608, 1735, -1
615, 1735, 1
673, 1736, -1
680, 1736, 1
594, 1737, -1
598, 1737, 1
580, 1738, -1
585, 1738, 1
1143, 1741, 1
1164, 1741, -2
1151, 1742, -1
1153, 1742, 1
1151, 1743, -1
1153, 1743, 1
1152, 1744, -1
1153, 1744, 1
1151, 1745, 1
1153, 1745, -1
1151, 1746, 1
1153, 1746, -1
1155, 1747, -1
1154, 1748, 1
1155, 1748, -1
1150, 1749, 1
1155, 1749, -1
1354, 1749, 1
1155, 1750, 1
1157, 1750, -1
1150, 1751, 1
1157, 1751, -1
1354, 1751, 1
1156, 1752, -1
1157, 1752, 1
1147, 1753, 1
1150, 1753, -1
648, 1754, 1
1154, 1754, -1
272, 1755, 1
639, 1755, -1
1147, 1755, 1
1154, 1755, -1
1154, 1756, 1
1324, 1756, -1
1351, 1756, -1
1158, 1757, 1
1160, 1757, -1
1159, 1758, -1
1160, 1758, 1
1160, 1759, 1
1163, 1759, -1
1349, 1759, 1
1350, 1759, -1
1158, 1760, 1
1161, 1760, -1
1349, 1760, 1
1350, 1760, -1
1121, 1761, -1
1122, 1761, 1
1160, 1761, 1
1163, 1761, -1
1121, 1762, -1
1122, 1762, 1
1158, 1762, 1
1161, 1762, -1
1158, 1763, -1
1160, 1763, 1
1161, 1763, 1
1163, 1763, -1
1162, 1764, -1
1163, 1764, 1
1161, 1765, 2
1164, 1765, -2
1161, 1766, 2
1164, 1766, -2
1165, 1767, -1
1166, 1767, 1
1164, 1768, 1
1166, 1768, -1
623, 1769, 1
1379, 1769, -1
674, 1770, -1
677, 1770, 1
1600, 1771, -1
1604, 1771, 1
1602, 1772, -1
1606, 1772, 1
983, 1773, -1
992, 1773, 1
985, 1774, -1
994, 1774, 1
631, 1775, -1
634, 1775, 1
633, 1776, -1
636, 1776, 1
676, 1777, -1
679, 1777, 1
1573, 1778, -1
1589, 1778, 1
1575, 1779, -1
1591, 1779, 1
595, 1780, -1
599, 1780, 1
597, 1781, -1
601, 1781, 1
520, 1782, -1
573, 1782, 1
522, 1783, -1
575, 1783, 1
669, 1784, -1
1470, 1784, 1
671, 1785, -1
1472, 1785, 1
576, 1786, 1
581, 1786, -1
578, 1787, 1
583, 1787, -1
346, 1788, 1
348, 1789, 1
609, 1790, -1
612, 1790, 1
611, 1791, -1
614, 1791, 1
895, 1792, -1
902, 1792, 1
897, 1793, -1
904, 1793, 1
977, 1795, 1
999, 1795, -1
630, 1796, 1
637, 1796, -1
1599, 1797, 1
1603, 1797, -1
609, 1801, 1
615, 1801, -1
631, 1802, 1
637, 1802, -1
1600, 1803, 1
1603, 1803, -1
895, 1804, 1
595, 1805, 1
598, 1805, -1
520, 1806, 1
581, 1807, 1
585, 1807, -1
669, 1809, 1
672, 1809, -1
1573, 1810, 1
983, 1811, 1
999, 1811, -1
612, 1812, 1
615, 1812, -1
902, 1813, 1
1158, 1814, -1
1160, 1815, -1
1349, 1815, 3
1350, 1815, -3
1121, 1816, -3
1122, 1816, 3
1160, 1816, -1
1169, 1817, 1
1170, 1817, -1
528, 1818, -1
1170, 1818, 1
1171, 1818, -1
1552, 1818, 1
1167, 1819, 1
1173, 1819, -2
1552, 1819, 1
1167, 1820, -1
1168, 1820, 1
1173, 1820, -1
1552, 1820, 1
1168, 1821, -1
1171, 1821, 1
1173, 1821, -1
1552, 1821, 1
304, 1822, -1
425, 1822, 1
1357, 1822, -1
1172, 1823, -1
1173, 1823, 1
822, 1824, -1
832, 1824, 1
1566, 1824, -1
425, 1825, -1
822, 1825, 1
1560, 1825, -1
832, 1826, -1
1172, 1826, 1
1560, 1826, -1
1175, 1827, -1
1176, 1827, 1
1177, 1830, -1
1346, 1830, 1
144, 1831, -1
747, 1831, 1
1301, 1831, 1
482, 1832, -1
508, 1832, 1
1197, 1832, -1
1183, 1833, -1
1184, 1833, 1
1186, 1834, -1
1187, 1834, 1
1189, 1835, -1
1190, 1835, 1
752, 1836, -1
995, 1836, -5
1191, 1836, 1
1193, 1837, 1
1194, 1837, -1
368, 1838, 1
861, 1838, -1
1195, 1838, -1
1287, 1838, 1
149, 1839, -1
153, 1839, 1
364, 1839, 1
396, 1839, -1
150, 1840, -1
152, 1840, 1
364, 1840, 1
396, 1840, -1
171, 1841, -1
250, 1841, 1
151, 1842, 1
152, 1842, -1
151, 1843, 1
152, 1843, -1
1200, 1844, -1
1573, 1844, 1
150, 1845, 1
153, 1845, -1
150, 1846, 1
153, 1846, -1
243, 1847, 1
1196, 1847, -1
154, 1848, 1
226, 1848, -1
149, 1849, 1
154, 1849, -1
149, 1850, 1
154, 1850, -1
1197, 1851, -1
1338, 1851, 1
1197, 1852, 1
1199, 1852, -1
1198, 1853, -1
1199, 1853, 1
1201, 1854, 1
1203, 1854, -1
1202, 1855, -1
1203, 1855, 1
1200, 1856, -1
1201, 1856, 1
1324, 1856, 1
482, 1857, 1
1204, 1857, 1
1205, 1857, -1
368, 1858, -1
1412, 1858, 1
1460, 1858, -1
53, 1859, -1
861, 1859, 1
53, 1860, -1
1317, 1860, 1
1206, 1861, -1
1207, 1861, 1
1208, 1862, -1
1209, 1862, 1
1210, 1863, -1
1211, 1863, 1
1212, 1864, -1
1213, 1864, 1
1214, 1865, -1
1215, 1865, 1
1216, 1866, -1
1217, 1866, 1
1218, 1867, -1
1219, 1867, 1
1221, 1868, 1
1223, 1868, -1
1222, 1869, -1
1223, 1869, 1
1220, 1870, -1
1275, 1870, 1
371, 1871, -1
1226, 1871, -1
1290, 1871, 1
2, 1872, 1
1206, 1872, -1
3, 1873, 1
1207, 1873, -1
4, 1874, 1
1208, 1874, -1
5, 1875, 1
1209, 1875, -1
6, 1876, 1
1210, 1876, -1
7, 1877, 1
1211, 1877, -1
8, 1878, 1
1212, 1878, -1
9, 1879, 1
1213, 1879, -1
10, 1880, 1
1214, 1880, -1
11, 1881, 1
1215, 1881, -1
12, 1882, 1
1216, 1882, -1
13, 1883, 1
1217, 1883, -1
14, 1884, 1
1218, 1884, -1
15, 1885, 1
1219, 1885, -1
1547, 1886, 1
1553, 1886, -1
1571, 1886, -1
1573, 1886, 1
1227, 1887, 1
1228, 1887, -1
1403, 1887, 1
1483, 1887, 1
1484, 1887, -1
900, 1888, 1
901, 1888, -1
1227, 1888, 1
1228, 1888, -1
1403, 1888, 1
474, 1889, -1
304, 1890, 1
1346, 1890, -1
1229, 1891, -1
1343, 1891, 1
919, 1892, 1
1229, 1892, -1
1343, 1892, 1
681, 1893, -1
1229, 1893, 1
1287, 1893, -1
1229, 1894, -1
1345, 1894, 1
1230, 1895, -1
1231, 1895, 1
1232, 1896, -1
1233, 1896, 1
1234, 1897, -1
1235, 1897, 1
1236, 1898, -1
1237, 1898, 1
1238, 1899, -1
1239, 1899, 1
1240, 1900, -1
1241, 1900, 1
1242, 1901, -1
1243, 1901, 1
921, 1902, 1
1223, 1902, 1
1245, 1902, -1
1244, 1903, -1
1245, 1903, 1
253, 1904, -1
1195, 1904, 1
11, 1905, 1
691, 1905, 1
1033, 1905, -1
1239, 1905, -1
15, 1906, 1
691, 1906, 1
1033, 1906, -1
1243, 1906, -1
705, 1907, -1
713, 1907, 1
1435, 1908, -1
1436, 1908, 1
304, 1909, 1
747, 1909, 1
1346, 1909, -1
1247, 1910, -1
1248, 1910, 1
1249, 1911, -1
1250, 1911, 1
1251, 1912, -1
1252, 1912, 1
1253, 1913, -1
1254, 1913, 1
1255, 1914, -1
1256, 1914, 1
1257, 1915, -1
1258, 1915, 1
1259, 1916, -1
1260, 1916, 1
815, 1917, -1
816, 1917, 1
228, 1918, -1
229, 1918, 1
705, 1919, 1
788, 1919, -1
22, 1920, 1
228, 1920, -1
275, 1921, 1
276, 1921, -1
157, 1922, -1
887, 1922, 1
156, 1923, -1
228, 1923, 1
769, 1924, -1
788, 1924, 1
1261, 1925, -1
1262, 1925, 1
1263, 1926, -1
1264, 1926, 1
1265, 1927, -1
1266, 1927, 1
1267, 1928, -1
1268, 1928, 1
1269, 1929, -1
1270, 1929, 1
1271, 1930, -1
1272, 1930, 1
1273, 1931, -1
1274, 1931, 1
1247, 1932, 1
1261, 1932, -1
1248, 1933, 1
1262, 1933, -1
1249, 1934, 1
1263, 1934, -1
1250, 1935, 1
1264, 1935, -1
1251, 1936, 1
1265, 1936, -1
1252, 1937, 1
1266, 1937, -1
1253, 1938, 1
1267, 1938, -1
1254, 1939, 1
1268, 1939, -1
1255, 1940, 1
1269, 1940, -1
1256, 1941, 1
1270, 1941, -1
1257, 1942, 1
1271, 1942, -1
1258, 1943, 1
1272, 1943, -1
1259, 1944, 1
1273, 1944, -1
1260, 1945, 1
1274, 1945, -1
488, 1946, -1
520, 1946, 1
878, 1946, -1
1261, 1946, 1
494, 1947, -1
520, 1947, 1
878, 1947, -1
1263, 1947, 1
493, 1948, -1
520, 1948, 1
878, 1948, -1
1265, 1948, 1
490, 1949, -1
520, 1949, 1
878, 1949, -1
1267, 1949, 1
489, 1950, -1
520, 1950, 1
878, 1950, -1
1269, 1950, 1
492, 1951, -1
520, 1951, 1
878, 1951, -1
1271, 1951, 1
491, 1952, -1
520, 1952, 1
878, 1952, -1
1273, 1952, 1
1279, 1953, -1
1281, 1953, 1
1280, 1954, 1
1281, 1954, -1
368, 1955, -1
861, 1955, 1
1276, 1955, -1
1286, 1955, 1
1276, 1956, -1
1282, 1956, 1
1502, 1956, -1
1276, 1957, 1
1278, 1957, -1
1277, 1958, -1
1278, 1958, 1
991, 1959, 1
1105, 1959, -1
118, 1963, 1
606, 1963, 1
1207, 1963, -1
162, 1964, 1
1209, 1964, -1
1519, 1964, 1
160, 1965, 1
1211, 1965, -1
1522, 1965, 1
136, 1966, 1
931, 1966, 1
1213, 1966, -1
134, 1967, 1
934, 1967, 1
1215, 1967, -1
148, 1968, 1
1184, 1968, 1
1217, 1968, -1
146, 1969, 1
1187, 1969, 1
1219, 1969, -1
85, 1970, 1
606, 1970, 1
1231, 1970, -1
87, 1971, 1
1233, 1971, -1
1519, 1971, 1
89, 1972, 1
1235, 1972, -1
1522, 1972, 1
91, 1973, 1
931, 1973, 1
1237, 1973, -1
93, 1974, 1
934, 1974, 1
1239, 1974, -1
95, 1975, 1
1184, 1975, 1
1241, 1975, -1
97, 1976, 1
1187, 1976, 1
1243, 1976, -1
99, 1977, 1
606, 1977, 1
1248, 1977, -1
101, 1978, 1
1250, 1978, -1
1519, 1978, 1
103, 1979, 1
1252, 1979, -1
1522, 1979, 1
105, 1980, 1
931, 1980, 1
1254, 1980, -1
107, 1981, 1
934, 1981, 1
1256, 1981, -1
109, 1982, 1
1184, 1982, 1
1258, 1982, -1
111, 1983, 1
1187, 1983, 1
1260, 1983, -1
44, 1984, 1
606, 1984, 1
1207, 1984, -1
57, 1985, 1
1209, 1985, -1
1519, 1985, 1
55, 1986, 1
1211, 1986, -1
1522, 1986, 1
48, 1987, 1
931, 1987, 1
1213, 1987, -1
46, 1988, 1
934, 1988, 1
1215, 1988, -1
52, 1989, 1
1184, 1989, 1
1217, 1989, -1
50, 1990, 1
1187, 1990, 1
1219, 1990, -1
29, 1991, 1
606, 1991, 1
1231, 1991, -1
30, 1992, 1
1233, 1992, -1
1519, 1992, 1
31, 1993, 1
1235, 1993, -1
1522, 1993, 1
32, 1994, 1
931, 1994, 1
1237, 1994, -1
33, 1995, 1
934, 1995, 1
1239, 1995, -1
34, 1996, 1
1184, 1996, 1
1241, 1996, -1
35, 1997, 1
1187, 1997, 1
1243, 1997, -1
36, 1998, 1
606, 1998, 1
1248, 1998, -1
37, 1999, 1
1250, 1999, -1
1519, 1999, 1
38, 2000, 1
1252, 2000, -1
1522, 2000, 1
39, 2001, 1
931, 2001, 1
1254, 2001, -1
40, 2002, 1
934, 2002, 1
1256, 2002, -1
41, 2003, 1
1184, 2003, 1
1258, 2003, -1
42, 2004, 1
1187, 2004, 1
1260, 2004, -1
1070, 2005, -1
1071, 2005, 1
256, 2006, 1
259, 2006, -1
139, 2007, 1
241, 2007, -1
254, 2008, 1
1290, 2008, -1
1290, 2009, 1
1292, 2009, -1
1291, 2010, -1
1292, 2010, 1
294, 2011, 1
1346, 2011, -1
1349, 2011, -1
1350, 2011, 1
1293, 2014, 1
1299, 2014, -1
1297, 2015, -1
1298, 2015, 1
1296, 2016, -1
1298, 2016, 1
1293, 2017, 1
1295, 2017, -1
1294, 2018, -1
1295, 2018, 1
258, 2019, -2
1300, 2019, 1
1177, 2020, 1
1246, 2020, -1
255, 2021, -1
1225, 2021, 1
1177, 2022, -1
1246, 2022, 1
1293, 2023, 1
1301, 2023, -1
1417, 2023, -1
1420, 2023, 1
1302, 2024, -1
1353, 2027, -1
1354, 2027, 1
130, 2028, -1
131, 2028, 1
254, 2029, -1
255, 2029, 1
520, 2029, 1
568, 2029, -1
166, 2030, 1
1303, 2030, -1
1286, 2031, 1
1303, 2031, -1
1304, 2032, 1
1305, 2032, -1
766, 2033, -3
1304, 2033, 1
1305, 2033, -1
1417, 2033, 3
495, 2034, 1
1306, 2034, -1
1306, 2035, 1
1308, 2035, -1
1307, 2036, -1
1308, 2036, 1
1246, 2037, 1
1346, 2037, -1
917, 2038, 1
1310, 2038, -1
1309, 2039, -1
1310, 2039, 1
821, 2040, 1
867, 2040, -1
1311, 2040, -1
367, 2041, 1
750, 2041, -1
115, 2042, 1
1312, 2042, -1
1313, 2043, -1
1315, 2043, 1
77, 2044, 1
257, 2044, -1
449, 2044, -1
1313, 2045, 1
1314, 2045, -1
743, 2046, -1
750, 2046, 1
853, 2046, -1
861, 2046, 1
1315, 2047, -1
1316, 2047, 1
53, 2048, 1
1317, 2048, -1
1320, 2049, 1
1322, 2049, -1
1321, 2050, -1
1322, 2050, 1
1317, 2051, -1
1323, 2051, 1
1503, 2051, -1
1317, 2052, 1
1319, 2052, -1
1317, 2053, 1
1319, 2053, -1
1317, 2054, 1
1319, 2054, -1
1318, 2055, -1
1319, 2055, 1
1324, 2056, 1
1354, 2056, -1
1332, 2057, 1
1334, 2057, -1
1333, 2058, -1
1334, 2058, 1
230, 2059, 1
1246, 2059, -1
1394, 2059, -1
1230, 2060, 1
1325, 2060, -1
1232, 2061, 1
1326, 2061, -1
1234, 2062, 1
1327, 2062, -1
1236, 2063, 1
1328, 2063, -1
1238, 2064, 1
1329, 2064, -1
1240, 2065, 1
1330, 2065, -1
1242, 2066, 1
1331, 2066, -1
229, 2067, -1
368, 2067, 1
861, 2067, -1
1335, 2067, 1
1336, 2068, -1
1337, 2068, 1
1335, 2069, -1
1387, 2069, 1
1337, 2070, -1
1389, 2070, 1
488, 2071, -1
520, 2071, 1
1325, 2071, 1
1387, 2071, -1
494, 2072, -1
520, 2072, 1
1326, 2072, 1
1387, 2072, -1
493, 2073, -1
520, 2073, 1
1327, 2073, 1
1387, 2073, -1
490, 2074, -1
520, 2074, 1
1328, 2074, 1
1387, 2074, -1
489, 2075, -1
520, 2075, 1
1329, 2075, 1
1387, 2075, -1
492, 2076, -1
520, 2076, 1
1330, 2076, 1
1387, 2076, -1
491, 2077, -1
520, 2077, 1
1331, 2077, 1
1387, 2077, -1
1299, 2078, 1
1301, 2078, -1
304, 2079, -1
342, 2079, 1
1463, 2080, 1
1465, 2080, -1
651, 2081, 1
1225, 2081, -1
1197, 2082, -1
1199, 2082, 1
1338, 2082, 1
1340, 2082, -1
237, 2083, 1
368, 2083, -1
861, 2083, 1
1338, 2083, -1
1338, 2084, 1
1340, 2084, -1
1338, 2085, 1
1340, 2085, -1
1339, 2086, -1
1340, 2086, 1
343, 2087, 1
346, 2087, -1
1353, 2087, 1
130, 2088, 1
343, 2088, 1
576, 2088, -1
902, 2089, -1
912, 2089, 1
1353, 2089, 1
130, 2090, 1
612, 2090, -1
912, 2090, 1
966, 2091, 1
992, 2091, -1
1353, 2091, 1
130, 2092, 1
634, 2092, -1
966, 2092, 1
1353, 2093, 1
1596, 2093, 1
1604, 2093, -1
919, 2094, 1
1341, 2094, -1
1343, 2094, 1
1341, 2095, 1
1342, 2095, -1
1343, 2096, 1
1344, 2096, -1
1229, 2097, 1
1345, 2097, -1
1343, 2098, -1
1344, 2098, 1
1246, 2099, -1
1346, 2099, 1
1353, 2100, 1
1581, 2100, 1
1589, 2100, -1
1346, 2101, 1
1348, 2101, -1
1347, 2102, -1
1348, 2102, 1
1174, 2103, 2
1349, 2103, 1
1350, 2103, -1
1121, 2104, -1
1122, 2104, 1
1174, 2104, 2
619, 2105, -1
970, 2105, -1
1351, 2105, 1
1324, 2106, 1
1352, 2106, -1
1352, 2107, 1
1353, 2107, -1
1354, 2108, -1
1362, 2108, 1
1356, 2109, -1
1364, 2109, 1
1355, 2110, -1
1356, 2110, 1
1365, 2111, -1
256, 2112, -1
586, 2112, -1
640, 2112, 1
256, 2113, 1
640, 2113, -2
1365, 2113, 1
1354, 2114, 1
1362, 2114, -1
1359, 2115, -1
1372, 2115, 1
1372, 2116, -1
1607, 2116, 1
666, 2117, 1
668, 2117, -1
973, 2117, 1
1011, 2117, -1
629, 2118, 1
928, 2118, 1
1361, 2118, -1
1362, 2119, 1
1364, 2119, -1
1363, 2120, -1
1364, 2120, 1
1367, 2121, 1
1368, 2121, -1
1366, 2122, 1
1367, 2122, -1
1369, 2123, -1
1370, 2123, 1
1368, 2124, 1
1370, 2124, -1
619, 2125, 1
1019, 2125, 1
1366, 2125, -1
580, 2126, 1
1483, 2126, 1
1484, 2126, -1
580, 2127, 1
900, 2127, 1
901, 2127, -1
608, 2128, 1
1483, 2128, 1
1484, 2128, -1
608, 2129, 1
900, 2129, 1
901, 2129, -1
594, 2130, 1
1483, 2130, 1
1484, 2130, -1
594, 2131, 1
900, 2131, 1
901, 2131, -1
673, 2132, 1
1483, 2132, 1
1484, 2132, -1
673, 2133, 1
900, 2133, 1
901, 2133, -1
585, 2134, 1
744, 2134, 1
745, 2134, -1
615, 2135, 1
744, 2135, 1
745, 2135, -1
598, 2136, 1
744, 2136, 1
745, 2136, -1
680, 2137, 1
744, 2137, 1
745, 2137, -1
1371, 2138, -1
1607, 2138, 1
1354, 2139, -1
1371, 2139, 1
272, 2140, -1
1360, 2140, 1
894, 2141, 1
1373, 2141, -1
1415, 2142, -1
1424, 2142, 1
420, 2143, 1
1406, 2143, -1
708, 2144, 1
867, 2144, 1
919, 2144, 1
1375, 2144, -1
705, 2145, 1
1376, 2145, -1
1246, 2146, -1
1346, 2146, 1
1376, 2146, 1
1378, 2146, -1
1377, 2147, -1
1378, 2147, 1
80, 2148, 1
1398, 2148, -1
1417, 2148, 1
368, 2149, -1
861, 2149, 1
1398, 2149, -1
1399, 2149, 1
1381, 2150, 1
1383, 2150, -1
1391, 2150, -1
1382, 2151, -1
1383, 2151, 1
1387, 2152, -1
1390, 2152, 1
304, 2153, -1
338, 2153, 1
1387, 2153, -1
1346, 2154, 1
1384, 2154, -1
1346, 2155, 1
1387, 2155, -1
1387, 2156, -1
1392, 2156, 1
1505, 2156, -1
1387, 2157, -1
1391, 2157, 1
1504, 2157, -1
1387, 2158, 1
1389, 2158, -1
1387, 2159, 1
1389, 2159, -1
1388, 2160, -1
1389, 2160, 1
289, 2161, -1
747, 2161, 1
908, 2161, 1
861, 2162, 1
1417, 2162, 1
1421, 2162, -1
1421, 2163, 1
1422, 2163, -1
158, 2164, 1
971, 2164, -1
1346, 2164, 1
1412, 2164, -1
1460, 2164, 1
660, 2165, -1
1380, 2165, 1
1380, 2166, -1
1393, 2166, 1
177, 2167, -1
1395, 2167, 1
1394, 2168, 1
1395, 2168, -1
568, 2169, -1
571, 2169, 1
1417, 2169, 1
1423, 2169, -1
1395, 2170, 1
1397, 2170, -1
1396, 2171, -1
1397, 2171, 1
1401, 2172, -1
1402, 2172, 1
1400, 2173, 1
1402, 2173, -1
1404, 2174, -1
1405, 2174, 1
1407, 2175, -1
1408, 2175, 1
368, 2176, -1
861, 2176, 1
1422, 2176, 1
1424, 2176, -1
287, 2177, 1
304, 2177, -1
1409, 2177, -1
304, 2178, -1
1146, 2178, 1
1409, 2178, -1
1409, 2179, 1
1411, 2179, -1
1410, 2180, -1
1411, 2180, 1
269, 2181, 1
397, 2181, -1
1338, 2181, -1
1409, 2181, 1
919, 2182, 1
1174, 2182, -2
921, 2183, 1
1176, 2183, -2
1417, 2184, 1
1427, 2184, -1
1417, 2185, 1
1427, 2185, -1
1379, 2186, 1
1416, 2186, -1
158, 2187, -1
1416, 2187, 1
1417, 2188, 1
1419, 2188, -1
1417, 2189, 1
1419, 2189, -1
1417, 2190, -1
1419, 2190, 1
1418, 2191, -1
1419, 2191, 1
766, 2192, 1
1349, 2192, -1
1350, 2192, 1
1417, 2192, -1
766, 2193, 1
768, 2193, -1
1417, 2193, -1
1419, 2193, 1
1417, 2194, -1
1420, 2194, 1
1425, 2195, -1
1426, 2195, 1
1246, 2196, -1
1346, 2196, 1
1414, 2196, 1
1426, 2196, -1
1428, 2197, 1
1430, 2197, -1
1429, 2198, -1
1430, 2198, 1
922, 2199, 1
1403, 2199, -1
1406, 2200, 1
1408, 2200, -1
487, 2201, 1
1451, 2201, -1
395, 2202, -1
1437, 2202, 1
683, 2203, 1
705, 2203, 1
772, 2203, -1
1373, 2203, -1
1177, 2204, 1
1438, 2204, -1
1417, 2205, -1
1419, 2205, 1
1438, 2205, 1
1440, 2205, -1
1439, 2206, -1
1440, 2206, 1
290, 2207, 1
368, 2207, -1
1403, 2207, 1
1417, 2207, 1
1441, 2207, -1
1441, 2208, 1
1443, 2208, -1
1442, 2209, -1
1443, 2209, 1
1445, 2210, -1
1446, 2210, 1
1447, 2211, 1
1452, 2211, -1
1459, 2212, 1
1460, 2212, -1
304, 2213, -1
662, 2213, 1
663, 2213, -1
368, 2214, 1
663, 2214, 1
664, 2214, -1
861, 2214, -1
664, 2215, -1
665, 2215, 1
665, 2216, -1
668, 2216, 1
664, 2217, 1
667, 2217, -1
1034, 2218, 1
1035, 2218, -1
654, 2219, -1
655, 2219, 1
656, 2219, 1
657, 2219, -1
656, 2220, 1
657, 2220, -1
658, 2220, -1
659, 2220, 1
619, 2221, 1
772, 2221, 1
1436, 2221, -1
1399, 2223, 1
1420, 2223, -1
1453, 2223, -1
919, 2224, -1
1483, 2224, 1
1484, 2224, -1
1470, 2225, 1
1472, 2225, -1
1470, 2226, 1
1472, 2226, -1
1471, 2227, -1
1472, 2227, 1
1456, 2228, 1
1458, 2228, -1
1457, 2229, -1
1458, 2229, 1
300, 2230, 1
454, 2230, -1
867, 2230, 1
300, 2231, 1
867, 2231, 1
1461, 2231, -1
114, 2232, 1
1461, 2232, -1
144, 2233, 1
1461, 2233, -1
1464, 2234, -1
1465, 2234, 1
1284, 2235, -1
1461, 2235, 1
1461, 2236, -1
1466, 2236, 1
1506, 2236, -1
1461, 2237, 1
1463, 2237, -1
1461, 2238, -1
1463, 2238, 1
1461, 2239, 1
1463, 2239, -1
1461, 2240, 1
1463, 2240, -1
1462, 2241, -1
1463, 2241, 1
1467, 2242, -1
1469, 2242, 1
1468, 2243, -1
1469, 2243, 1
244, 2244, 1
251, 2244, 1
377, 2244, 1
568, 2244, -1
681, 2244, -1
1528, 2244, -1
772, 2245, 1
1354, 2245, -1
1373, 2245, 1
1607, 2245, -1
683, 2246, -1
705, 2246, 1
772, 2246, 1
1607, 2246, -1
1121, 2247, -1
1122, 2247, 1
1473, 2247, 1
1476, 2247, -1
1121, 2248, -1
1122, 2248, 1
1475, 2248, 1
1478, 2248, -1
128, 2249, 1
129, 2249, -1
1473, 2249, 1
1476, 2249, -1
128, 2250, 1
129, 2250, -1
1475, 2250, 1
1478, 2250, -1
1477, 2251, -1
1478, 2251, 1
1474, 2252, -1
1475, 2252, 1
669, 2253, 1
1470, 2253, -1
130, 2254, 1
1467, 2254, 1
1470, 2254, -1
621, 2255, 1
669, 2255, 1
674, 2255, -1
1106, 2255, -1
1456, 2256, -1
1459, 2256, 1
1459, 2257, -1
1460, 2257, 1
139, 2258, -1
251, 2258, -1
1459, 2258, 1
619, 2259, -1
772, 2259, 1
163, 2260, 1
343, 2260, 1
651, 2260, -1
1483, 2261, -1
1484, 2261, 1
788, 2262, 1
839, 2262, 1
1485, 2262, -1
1485, 2263, -1
1486, 2263, 1
788, 2264, -1
1485, 2264, 1
1560, 2264, -1
839, 2265, 2
1486, 2265, -1
841, 2266, 2
1488, 2266, -1
1246, 2267, -1
1346, 2267, 1
1485, 2267, 1
1488, 2267, -1
1487, 2268, -1
1488, 2268, 1
986, 2269, 1
1346, 2269, 1
1510, 2269, -1
206, 2270, -1
772, 2270, 1
1387, 2270, -1
1510, 2270, 1
986, 2271, -1
1387, 2271, -1
1510, 2271, 1
206, 2272, -1
772, 2272, 1
986, 2272, 1
1507, 2273, -1
1510, 2273, -1
1513, 2273, 1
1510, 2274, 1
1512, 2274, -1
1511, 2275, -1
1512, 2275, 1
132, 2276, -1
881, 2276, 1
1514, 2277, 1
1516, 2277, -1
1515, 2278, -1
1516, 2278, 1
1518, 2279, -1
1519, 2279, 1
1521, 2280, -1
1522, 2280, 1
1523, 2281, 1
1525, 2281, -1
1524, 2282, -1
1525, 2282, 1
1526, 2283, -1
1527, 2283, 1
247, 2284, 1
921, 2284, 1
1527, 2284, -1
1530, 2285, 1
1532, 2285, -1
1531, 2286, -1
1532, 2286, 1
166, 2287, 1
368, 2287, -1
861, 2287, 1
1528, 2287, -1
1508, 2288, -1
1528, 2288, -1
1533, 2288, 1
1528, 2289, 1
1530, 2289, -1
1529, 2290, -1
1530, 2290, 1
196, 2291, -1
278, 2291, 1
1534, 2291, 1
1536, 2291, -1
81, 2292, -1
1549, 2292, -1
1570, 2292, 1
309, 2293, 1
1559, 2293, -1
1575, 2293, 1
314, 2294, 1
1544, 2294, -1
1575, 2294, 1
1543, 2295, -1
1544, 2295, 1
1545, 2296, -1
1546, 2296, 1
1542, 2297, -1
1545, 2297, 1
196, 2298, -1
278, 2298, 1
1535, 2298, 1
1542, 2298, -1
1246, 2299, -1
1541, 2299, 1
1542, 2299, -1
312, 2300, -1
1542, 2300, 1
1540, 2301, 1
1542, 2301, -1
1547, 2301, -1
860, 2302, -1
1548, 2302, -1
1549, 2302, 1
377, 2303, -1
1548, 2303, 1
1550, 2303, -1
1541, 2304, -1
1550, 2304, 1
1551, 2305, -1
1553, 2305, 1
752, 2306, -1
995, 2306, -8
1551, 2306, 1
1552, 2307, -1
1554, 2307, 1
1553, 2308, 1
1554, 2308, -1
1558, 2309, -1
1559, 2309, 1
1560, 2310, -1
1563, 2310, 1
1563, 2311, -1
1566, 2311, 1
794, 2312, 1
1565, 2312, -1
1575, 2312, 1
1564, 2313, -1
1565, 2313, 1
1560, 2314, -1
1567, 2314, 1
1557, 2315, 1
1567, 2315, -1
1568, 2316, -1
1569, 2316, 1
771, 2317, 1
1562, 2317, -1
1575, 2317, 1
1561, 2318, -1
1562, 2318, 1
368, 2319, 1
861, 2319, -1
1556, 2319, 1
1557, 2319, -1
849, 2320, 1
1569, 2320, -1
1575, 2320, 1
769, 2321, 1
792, 2321, -1
1560, 2321, -1
1563, 2321, 1
866, 2322, 1
1585, 2322, -1
380, 2323, -1
1570, 2323, -1
1571, 2323, 1
294, 2324, 1
1535, 2324, -1
1536, 2324, 1
1, 2325, -1
1455, 2325, 1
1555, 2325, 1
1556, 2325, -1
1538, 2326, -1
1539, 2326, 1
282, 2327, -1
1550, 2327, -1
1570, 2327, 1
374, 2328, 1
1570, 2328, 1
1572, 2328, -1
279, 2329, -1
1550, 2329, -1
1572, 2329, 1
1573, 2330, -1
1574, 2331, -1
1575, 2331, 1
138, 2332, -1
368, 2332, 1
861, 2332, -1
1088, 2332, 1
747, 2333, 1
1537, 2333, -1
1538, 2333, 1
1537, 2334, 1
1553, 2334, -1
1555, 2334, -1
364, 2335, 2
396, 2335, -2
660, 2335, 1
1580, 2335, -1
953, 2336, -1
1580, 2336, 1
539, 2337, 1
1580, 2337, -1
1324, 2338, -1
1573, 2338, 1
1581, 2338, -1
1581, 2339, 1
1583, 2339, -1
1581, 2340, 1
1583, 2340, -1
1582, 2341, -1
1583, 2341, 1
1205, 2342, 1
1585, 2342, -1
1587, 2343, -1
1588, 2343, 1
1586, 2344, 1
1588, 2344, -1
389, 2345, 1
919, 2345, 1
1584, 2345, -1
673, 2346, 1
674, 2346, -1
1362, 2347, 1
1581, 2347, 1
1589, 2347, -1
1573, 2348, 1
1589, 2348, -1
1589, 2349, 1
1591, 2349, -1
1589, 2350, 1
1591, 2350, -1
1590, 2351, -1
1591, 2351, 1
1036, 2352, 1
1534, 2352, -1
1573, 2352, 1
207, 2353, 1
368, 2353, -1
861, 2353, 1
1592, 2353, -1
1509, 2354, -1
1592, 2354, -1
1595, 2354, 1
1592, 2355, 1
1594, 2355, -1
1592, 2356, 1
1594, 2356, -1
1593, 2357, -1
1594, 2357, 1
207, 2358, -1
377, 2358, -1
1346, 2358, 1
1592, 2358, 1
1372, 2359, 1
1608, 2359, -1
1584, 2360, 1
1596, 2360, -1
1596, 2361, 1
1598, 2361, -1
1597, 2362, -1
1598, 2362, 1
1596, 2363, 1
1598, 2363, -1
1601, 2364, -1
1602, 2364, 1
1324, 2365, -1
1596, 2365, -1
1600, 2365, 1
1362, 2366, 1
1596, 2366, 1
1604, 2366, -1
1604, 2367, 1
1606, 2367, -1
1605, 2368, -1
1606, 2368, 1
1609, 2369, -1
1612, 2369, 1
753, 2370, 1
839, 2370, -1
1607, 2371, 1
1612, 2371, -1
1608, 2372, 1
1613, 2372, -1
1613, 2373, 1
1615, 2373, -1
1614, 2374, -1
1615, 2374, 1
1609, 2375, 1
1611, 2375, -1
1609, 2376, 1
1611, 2376, -1
1610, 2377, -1
1611, 2377, 1
1616, 2378, -1
1618, 2378, 1
1616, 2379, -1
1618, 2379, 1
1616, 2380, 1
1618, 2380, -1
1616, 2381, 1
1618, 2381, -1
1617, 2382, -1
1618, 2382, 1
17, 2383, 1
18, 2383, -1
16, 2384, -1
18, 2384, 1
20, 2385, 1
21, 2385, -1
19, 2386, -1
21, 2386, 1
58, 2387, 1
59, 2387, -1
60, 2388, 1
61, 2388, -1
62, 2389, 1
63, 2389, -1
64, 2390, 1
65, 2390, -1
67, 2391, 1
68, 2391, -1
82, 2392, 1
83, 2392, -1
164, 2393, 1
165, 2393, -1
167, 2394, 1
168, 2394, -1
172, 2395, 1
173, 2395, -1
178, 2396, 1
179, 2396, -1
192, 2397, -1
216, 2397, 1
191, 2398, -1
215, 2398, 1
196, 2399, -1
220, 2399, 1
201, 2400, -1
225, 2400, 1
199, 2401, -1
223, 2401, 1
180, 2402, -1
341, 2402, 1
195, 2403, -1
219, 2403, 1
198, 2404, -1
222, 2404, 1
283, 2405, 1
284, 2405, -1
232, 2406, 1
233, 2406, -1
246, 2407, 1
247, 2407, -1
280, 2408, 1
281, 2408, -1
262, 2409, 1
842, 2409, -1
262, 2410, -1
264, 2410, 1
263, 2411, 1
264, 2411, -1
421, 2412, -1
1371, 2412, 1
235, 2413, 1
236, 2413, -1
291, 2414, -1
304, 2414, 2
297, 2415, -1
299, 2415, 1
298, 2416, 1
299, 2416, -1
300, 2417, 1
304, 2417, -1
301, 2418, 1
302, 2418, -1
300, 2419, -1
302, 2419, 1
308, 2420, 1
309, 2420, -1
310, 2421, 1
311, 2421, -1
313, 2422, 1
314, 2422, -1
317, 2423, 1
318, 2423, -1
294, 2424, 1
342, 2424, -1
323, 2425, 1
324, 2425, -1
330, 2426, 1
331, 2426, -1
455, 2427, -1
460, 2427, 1
962, 2428, -1
969, 2428, 1
1178, 2429, -1
1180, 2429, 1
587, 2430, -1
592, 2430, 1
602, 2431, -1
607, 2431, 1
1447, 2432, -1
1448, 2432, 1
936, 2433, -1
1289, 2433, 1
1193, 2434, -1
1413, 2434, 1
278, 2435, 1
293, 2435, -1
304, 2435, 1
334, 2436, -1
335, 2436, 1
334, 2437, -1
505, 2437, 1
334, 2438, 1
972, 2438, -1
307, 2439, -1
337, 2439, 1
368, 2439, 1
861, 2439, -1
339, 2440, 1
340, 2440, -1
294, 2441, -1
296, 2441, 1
295, 2442, 1
296, 2442, -1
343, 2443, -1
345, 2443, 1
344, 2444, 1
345, 2444, -1
977, 2447, -1
999, 2447, 1
346, 2448, -1
348, 2448, 1
347, 2449, 1
348, 2449, -1
593, 2450, 1
766, 2450, -1
77, 2451, 1
366, 2451, -1
766, 2451, -1
362, 2452, 1
363, 2452, -1
306, 2453, -1
307, 2453, 1
1, 2454, 1
366, 2454, 1
751, 2454, -1
1455, 2454, -1
257, 2455, 1
261, 2455, -1
368, 2456, -1
370, 2456, 1
369, 2457, 1
370, 2457, -1
374, 2458, 2
380, 2458, -1
381, 2459, 1
382, 2459, -1
285, 2460, 1
286, 2460, -1
374, 2461, -1
377, 2461, 1
368, 2462, 1
377, 2462, 1
861, 2462, -1
1346, 2462, -1
378, 2463, 1
379, 2463, -1
870, 2464, 1
884, 2464, -1
300, 2465, -1
701, 2465, 1
385, 2466, 1
393, 2466, -1
389, 2467, -1
391, 2467, 1
390, 2468, 1
391, 2468, -1
393, 2469, 1
705, 2469, -1
387, 2470, 1
388, 2470, -1
315, 2471, -1
325, 2471, 1
277, 2472, 1
396, 2472, 1
398, 2472, -1
584, 2472, -1
404, 2474, 1
405, 2474, -1
277, 2475, -1
377, 2475, 1
1288, 2475, 1
422, 2476, 1
1359, 2476, -1
422, 2477, -1
424, 2477, 1
423, 2478, 1
424, 2478, -1
361, 2479, 1
363, 2479, -1
433, 2479, -1
435, 2479, 1
433, 2480, -1
435, 2480, 1
1197, 2480, 1
1199, 2480, -1
433, 2481, -1
436, 2481, 1
766, 2481, -1
434, 2482, 1
435, 2482, -1
252, 2483, -1
452, 2483, 1
439, 2484, 1
440, 2484, -1
441, 2485, -1
443, 2485, 1
442, 2486, 1
443, 2486, -1
446, 2487, 1
447, 2487, -1
252, 2488, -1
449, 2488, 1
368, 2489, 1
449, 2489, 1
861, 2489, -1
1177, 2489, -1
450, 2490, 1
451, 2490, -1
114, 2491, -1
454, 2491, 1
372, 2493, 1
373, 2493, -1
469, 2494, 1
470, 2494, -1
465, 2495, -1
467, 2495, 1
466, 2496, 1
467, 2496, -1
472, 2497, 1
473, 2497, -1
471, 2498, 1
473, 2498, -1
349, 2499, -1
476, 2499, 1
351, 2500, -1
479, 2500, 1
482, 2501, -1
484, 2502, 1
485, 2502, -1
498, 2503, 1
499, 2503, -1
501, 2504, 1
502, 2504, -1
506, 2505, 1
507, 2505, -1
513, 2506, -1
886, 2506, -1
1248, 2506, 2
514, 2507, -1
886, 2507, -1
1250, 2507, 2
515, 2508, -1
886, 2508, -1
1252, 2508, 2
516, 2509, -1
886, 2509, -1
1254, 2509, 2
517, 2510, -1
886, 2510, -1
1256, 2510, 2
518, 2511, -1
886, 2511, -1
1258, 2511, 2
519, 2512, -1
886, 2512, -1
1260, 2512, 2
511, 2513, 1
512, 2513, -1
521, 2514, 1
522, 2514, -1
524, 2517, 1
525, 2517, -1
456, 2518, 1
543, 2518, 1
546, 2518, -1
823, 2518, -1
540, 2519, -1
546, 2519, 1
543, 2520, 1
546, 2520, -1
550, 2520, -1
552, 2520, 1
546, 2521, 1
552, 2521, -1
541, 2522, -1
542, 2522, 1
543, 2523, -1
545, 2523, 1
544, 2524, 1
545, 2524, -1
548, 2525, 1
549, 2525, -1
550, 2526, -1
551, 2526, 1
554, 2527, 1
555, 2527, -1
557, 2528, 1
558, 2528, -1
560, 2529, 1
561, 2529, -1
563, 2530, 1
564, 2530, -1
566, 2531, 1
567, 2531, -1
569, 2532, 1
570, 2532, -1
573, 2533, -1
575, 2533, 1
574, 2534, 1
575, 2534, -1
520, 2535, 1
594, 2536, -1
595, 2536, 1
580, 2537, -1
581, 2537, 1
577, 2538, 1
578, 2538, -1
375, 2539, 1
376, 2539, -1
582, 2540, 1
583, 2540, -1
80, 2541, 1
81, 2541, -1
27, 2542, 1
28, 2542, -1
590, 2543, 1
591, 2543, -1
596, 2544, 1
597, 2544, -1
600, 2545, 1
601, 2545, -1
120, 2546, -1
122, 2546, 1
121, 2547, 1
122, 2547, -1
123, 2548, 1
772, 2548, -1
1346, 2548, -1
608, 2549, -1
609, 2549, 1
610, 2550, 1
611, 2550, -1
613, 2551, 1
614, 2551, -1
617, 2552, 1
618, 2552, -1
616, 2553, -1
618, 2553, 1
69, 2554, 1
70, 2554, -1
621, 2555, 1
1455, 2555, -1
475, 2556, -1
625, 2556, 1
365, 2557, 1
622, 2557, -1
632, 2558, 1
633, 2558, -1
635, 2559, 1
636, 2559, -1
646, 2560, 1
647, 2560, -1
643, 2561, 1
644, 2561, -1
649, 2562, 1
650, 2562, -1
113, 2563, -1
1384, 2563, 1
1385, 2564, 1
1386, 2564, -1
666, 2565, -1
669, 2565, 1
670, 2566, 1
671, 2566, -1
675, 2567, 1
676, 2567, -1
130, 2568, -1
677, 2568, 1
1581, 2568, -1
678, 2569, 1
679, 2569, -1
1012, 2570, -1
1014, 2570, 1
1013, 2571, 1
1014, 2571, -1
253, 2572, -1
683, 2572, 1
181, 2573, 1
455, 2573, -1
193, 2574, 1
962, 2574, -1
197, 2575, 1
1178, 2575, -1
189, 2576, 1
587, 2576, -1
190, 2577, 1
602, 2577, -1
205, 2578, 1
1447, 2578, -1
194, 2579, 1
936, 2579, -1
200, 2580, 1
1193, 2580, -1
156, 2581, 1
1246, 2581, -1
696, 2582, 1
697, 2582, -1
699, 2583, 1
700, 2583, -1
701, 2584, -1
703, 2584, 1
702, 2585, 1
703, 2585, -1
472, 2586, 1
480, 2587, 1
511, 2588, 1
524, 2590, 1
554, 2591, 1
715, 2593, 1
840, 2594, 1
1001, 2597, 1
1100, 2598, 1
1113, 2599, 1
1119, 2600, 1
1407, 2605, 1
1524, 2606, 1
1617, 2607, 1
616, 2608, -1
705, 2608, 1
772, 2608, -1
706, 2609, 1
707, 2609, -1
289, 2610, -1
955, 2610, 1
709, 2611, 1
710, 2611, -1
708, 2612, -1
710, 2612, 1
708, 2613, 1
908, 2613, 1
955, 2613, -1
619, 2614, -1
713, 2614, 1
772, 2614, -1
712, 2615, -1
763, 2615, 1
619, 2616, -1
711, 2616, 1
1019, 2616, -1
715, 2618, 1
716, 2618, -1
748, 2619, 1
749, 2619, -1
759, 2620, 1
788, 2620, -1
1038, 2620, -1
756, 2621, -1
1332, 2621, 1
757, 2622, 1
758, 2622, -1
760, 2623, -1
762, 2623, 1
761, 2624, 1
762, 2624, -1
754, 2625, 1
755, 2625, -1
764, 2626, 1
765, 2626, -1
763, 2627, -1
765, 2627, 1
766, 2628, 1
1049, 2628, -1
767, 2629, 1
768, 2629, -1
770, 2630, 1
771, 2630, -1
258, 2631, -1
857, 2631, 1
774, 2632, 1
775, 2632, -1
619, 2633, -1
878, 2633, 1
777, 2634, 1
778, 2634, -1
780, 2635, 1
781, 2635, -1
783, 2636, 1
784, 2636, -1
786, 2637, 1
787, 2637, -1
276, 2638, -1
788, 2638, 1
789, 2639, 1
790, 2639, -1
793, 2640, 1
794, 2640, -1
795, 2641, 1
796, 2641, -1
807, 2642, 1
808, 2642, -1
804, 2643, 1
805, 2643, -1
800, 2644, -1
802, 2644, 1
801, 2645, 1
802, 2645, -1
792, 2646, -1
797, 2646, 1
810, 2647, 1
811, 2647, -1
812, 2648, -1
814, 2648, 1
813, 2649, 1
814, 2649, -1
798, 2650, 1
799, 2650, -1
817, 2651, 1
818, 2651, -1
819, 2652, 1
820, 2652, -1
22, 2653, -1
772, 2653, 1
1, 2654, 1
743, 2654, -1
821, 2654, 1
1455, 2654, -1
824, 2655, 1
825, 2655, -1
833, 2657, -1
835, 2657, 1
867, 2658, -1
1106, 2658, -1
1387, 2658, 1
1455, 2658, 1
895, 2659, 1
304, 2660, 1
319, 2660, -1
839, 2660, 1
842, 2661, -1
844, 2661, 1
843, 2662, 1
844, 2662, -1
845, 2663, -1
847, 2663, 1
846, 2664, 1
847, 2664, -1
848, 2665, 1
849, 2665, -1
850, 2666, -1
852, 2666, 1
851, 2667, 1
852, 2667, -1
840, 2668, 1
841, 2668, -1
854, 2669, 1
855, 2669, -1
809, 2670, 1
1435, 2670, -1
234, 2671, 1
236, 2671, -1
861, 2671, -1
863, 2671, 1
368, 2672, -1
861, 2672, 1
860, 2673, 1
861, 2673, -1
861, 2674, -1
863, 2674, 1
862, 2675, 1
863, 2675, -1
871, 2676, 1
872, 2676, -1
870, 2677, -1
872, 2677, 1
114, 2678, -1
304, 2678, 1
867, 2678, 1
874, 2679, 1
875, 2679, -1
876, 2680, 1
877, 2680, -1
879, 2681, 1
880, 2681, -1
881, 2682, -1
883, 2682, 1
882, 2683, 1
883, 2683, -1
887, 2684, -1
889, 2684, 1
888, 2685, 1
889, 2685, -1
885, 2686, 1
886, 2686, -1
884, 2687, 1
886, 2687, -1
868, 2688, 1
869, 2688, -1
896, 2689, 1
897, 2689, -1
903, 2690, 1
904, 2690, -1
906, 2691, 1
907, 2691, -1
905, 2692, 1
908, 2692, -2
909, 2693, 1
910, 2693, -1
913, 2695, 1
914, 2695, -1
912, 2696, -1
914, 2696, 1
760, 2697, -1
850, 2697, 1
812, 2698, 1
1437, 2698, -1
920, 2699, 1
921, 2699, -1
923, 2702, 1
924, 2702, -1
916, 2703, 1
917, 2703, -1
915, 2704, -1
917, 2704, 1
183, 2705, -1
185, 2705, 1
184, 2706, 1
185, 2706, -1
927, 2707, -1
963, 2708, -1
965, 2708, 1
941, 2709, 1
942, 2709, -1
944, 2710, -1
946, 2710, 1
945, 2711, 1
946, 2711, -1
957, 2712, 1
958, 2712, -1
202, 2713, -1
204, 2713, 1
203, 2714, 1
204, 2714, -1
132, 2715, -1
960, 2715, 1
452, 2716, -1
956, 2716, 1
964, 2717, 1
965, 2717, -1
967, 2718, 1
968, 2718, -1
966, 2719, -1
968, 2719, 1
368, 2721, -1
972, 2721, 1
503, 2722, 1
971, 2722, -1
262, 2723, 1
974, 2723, -1
974, 2724, -1
976, 2724, 1
975, 2725, 1
976, 2725, -1
208, 2726, -1
368, 2726, 1
861, 2726, -1
978, 2726, 1
978, 2727, -1
980, 2727, 1
979, 2728, 1
980, 2728, -1
751, 2729, -1
983, 2729, 1
984, 2730, 1
985, 2730, -1
986, 2731, -1
988, 2731, 1
987, 2732, 1
988, 2732, -1
990, 2733, 1
991, 2733, -1
992, 2734, -1
994, 2734, 1
993, 2735, 1
994, 2735, -1
641, 2736, -1
995, 2736, 1
137, 2737, -1
169, 2737, 1
137, 2738, 1
170, 2738, -1
997, 2739, 1
998, 2739, -1
74, 2740, 1
383, 2740, -1
75, 2741, -1
112, 2741, 1
1001, 2742, 1
1002, 2742, -1
16, 2743, -1
1018, 2743, 1
19, 2744, -1
1019, 2744, 1
1021, 2745, 1
1022, 2745, -1
1020, 2746, -1
1022, 2746, 1
1012, 2747, 1
1346, 2747, -1
1023, 2748, -1
1025, 2748, 1
1024, 2749, 1
1025, 2749, -1
113, 2750, -1
1387, 2750, 1
1039, 2751, 1
1040, 2751, -1
1043, 2752, 1
1044, 2752, -1
1015, 2753, -1
1017, 2753, 1
1016, 2754, 1
1017, 2754, -1
705, 2755, -1
1115, 2755, 1
1047, 2756, 1
1048, 2756, -1
304, 2757, 1
321, 2757, -1
1054, 2757, 1
1050, 2758, 1
1051, 2758, -1
705, 2759, -1
1071, 2759, 1
1072, 2760, 1
1073, 2760, -1
760, 2761, -1
1078, 2761, 1
1079, 2762, 1
1080, 2762, -1
1076, 2763, 1
1077, 2763, -1
1103, 2764, 1
1346, 2764, -1
1417, 2764, -1
278, 2765, 1
1045, 2765, -1
1052, 2765, 1
1049, 2766, 1
1177, 2766, -1
1082, 2767, 1
1083, 2767, -1
1086, 2768, 1
1087, 2768, -1
1096, 2769, 1
1097, 2769, -1
1093, 2770, 1
1094, 2770, -1
1089, 2771, 1
1090, 2771, -1
1099, 2772, -1
1101, 2772, 1
1100, 2773, 1
1101, 2773, -1
769, 2774, -1
1061, 2774, 1
1067, 2774, -1
769, 2775, -1
1058, 2775, 1
1061, 2775, -1
769, 2776, -1
1057, 2776, 1
1058, 2776, -1
1107, 2777, 1
1108, 2777, -1
1110, 2778, 1
1111, 2778, -1
1116, 2779, 1
1117, 2779, -1
1113, 2780, 1
1114, 2780, -1
1119, 2781, 1
1120, 2781, -1
1124, 2782, 1
1125, 2782, -1
1, 2783, -1
1091, 2783, 1
1091, 2784, -1
1106, 2784, 1
267, 2785, 1
268, 2785, -1
1144, 2786, 1
1145, 2786, -1
1143, 2787, -1
1145, 2787, 1
1148, 2788, 1
1149, 2788, -1
666, 2793, 1
672, 2793, -1
608, 2794, 1
615, 2794, -1
673, 2795, 1
680, 2795, -1
594, 2796, 1
598, 2796, -1
580, 2797, 1
585, 2797, -1
1152, 2800, 1
1153, 2800, -1
1156, 2801, 1
1157, 2801, -1
648, 2802, -1
1154, 2802, 1
1158, 2803, -1
1160, 2803, 1
1159, 2804, 1
1160, 2804, -1
1162, 2805, 1
1163, 2805, -1
1165, 2806, 1
1166, 2806, -1
1164, 2807, -1
1166, 2807, 1
1175, 2808, 1
1176, 2808, -1
482, 2811, 1
508, 2811, -1
1197, 2811, 1
1189, 2812, 1
1190, 2812, -1
368, 2813, -1
861, 2813, 1
1195, 2813, 1
1287, 2813, -1
1198, 2814, 1
1199, 2814, -1
1202, 2815, 1
1203, 2815, -1
1200, 2816, 1
1201, 2816, -1
1324, 2816, -1
1221, 2817, -1
1223, 2817, 1
1222, 2818, 1
1223, 2818, -1
1244, 2819, 1
1245, 2819, -1
253, 2820, 1
1195, 2820, -1
815, 2821, 1
816, 2821, -1
705, 2822, -1
788, 2822, 1
22, 2823, -1
228, 2823, 1
156, 2824, 1
228, 2824, -1
769, 2825, 1
788, 2825, -1
368, 2826, 1
861, 2826, -1
1276, 2826, 1
1286, 2826, -1
1276, 2827, -1
1278, 2827, 1
1277, 2828, 1
1278, 2828, -1
1070, 2831, 1
1071, 2831, -1
1291, 2832, 1
1292, 2832, -1
1293, 2833, -1
1299, 2833, 1
1297, 2834, 1
1298, 2834, -1
1296, 2835, 1
1298, 2835, -1
1294, 2836, 1
1295, 2836, -1
1353, 2839, 1
1354, 2839, -1
130, 2840, 1
131, 2840, -1
1306, 2841, -1
1308, 2841, 1
1307, 2842, 1
1308, 2842, -1
1309, 2843, 1
1310, 2843, -1
821, 2844, -1
867, 2844, 1
1311, 2844, 1
1315, 2845, 1
1316, 2845, -1
1321, 2846, 1
1322, 2846, -1
1317, 2847, -1
1319, 2847, 1
1318, 2848, 1
1319, 2848, -1
1324, 2849, -1
1354, 2849, 1
1333, 2850, 1
1334, 2850, -1
230, 2851, -1
1246, 2851, 1
1394, 2851, 1
1336, 2852, 1
1337, 2852, -1
304, 2853, 1
342, 2853, -1
1197, 2854, 1
1199, 2854, -1
1338, 2854, -1
1340, 2854, 1
1339, 2855, 1
1340, 2855, -1
343, 2856, -1
346, 2856, 1
1353, 2856, -1
130, 2857, -1
343, 2857, -1
576, 2857, 1
902, 2858, 1
912, 2858, -1
1353, 2858, -1
130, 2859, -1
612, 2859, 1
912, 2859, -1
966, 2860, -1
992, 2860, 1
1353, 2860, -1
130, 2861, -1
634, 2861, 1
966, 2861, -1
1353, 2862, -1
1596, 2862, -1
1604, 2862, 1
1353, 2863, -1
1581, 2863, -1
1589, 2863, 1
1346, 2864, -1
1348, 2864, 1
1347, 2865, 1
1348, 2865, -1
1355, 2866, 1
1356, 2866, -1
1372, 2867, 1
1607, 2867, -1
1363, 2868, 1
1364, 2868, -1
1367, 2869, -1
1368, 2869, 1
1369, 2870, 1
1370, 2870, -1
619, 2871, -1
1019, 2871, -1
1366, 2871, 1
1371, 2872, 1
1607, 2872, -1
1354, 2873, 1
1371, 2873, -1
705, 2874, -1
1376, 2874, 1
1377, 2875, 1
1378, 2875, -1
368, 2876, 1
861, 2876, -1
1398, 2876, 1
1399, 2876, -1
1387, 2877, 1
1390, 2877, -1
304, 2878, 1
338, 2878, -1
1387, 2878, 1
1387, 2879, -1
1389, 2879, 1
1388, 2880, 1
1389, 2880, -1
177, 2881, 1
1395, 2881, -1
1396, 2882, 1
1397, 2882, -1
1401, 2883, 1
1402, 2883, -1
1400, 2884, -1
1402, 2884, 1
1404, 2885, 1
1405, 2885, -1
1407, 2886, 1
1408, 2886, -1
1410, 2887, 1
1411, 2887, -1
1418, 2888, 1
1419, 2888, -1
766, 2889, -1
768, 2889, 1
1417, 2889, 1
1419, 2889, -1
1417, 2890, 1
1420, 2890, -1
1425, 2891, 1
1426, 2891, -1
1429, 2892, 1
1430, 2892, -1
487, 2893, -1
1451, 2893, 1
395, 2894, 1
1437, 2894, -1
683, 2895, -1
705, 2895, -1
772, 2895, 1
1373, 2895, 1
1417, 2896, 1
1419, 2896, -1
1438, 2896, -1
1440, 2896, 1
1439, 2897, 1
1440, 2897, -1
1442, 2898, 1
1443, 2898, -1
1445, 2899, 1
1446, 2899, -1
619, 2900, -1
772, 2900, -1
1436, 2900, 1
1470, 2901, -1
1472, 2901, 1
1471, 2902, 1
1472, 2902, -1
1457, 2903, 1
1458, 2903, -1
1464, 2904, 1
1465, 2904, -1
1461, 2905, -1
1463, 2905, 1
1462, 2906, 1
1463, 2906, -1
1468, 2907, 1
1469, 2907, -1
772, 2908, -1
1354, 2908, 1
1373, 2908, -1
1607, 2908, 1
683, 2909, 1
705, 2909, -1
772, 2909, -1
1607, 2909, 1
1477, 2910, 1
1478, 2910, -1
1474, 2911, 1
1475, 2911, -1
130, 2912, -1
1467, 2912, -1
1470, 2912, 1
619, 2913, 1
772, 2913, -1
1487, 2914, 1
1488, 2914, -1
986, 2915, -1
1346, 2915, -1
1510, 2915, 1
1510, 2916, -1
1512, 2916, 1
1511, 2917, 1
1512, 2917, -1
132, 2918, 1
881, 2918, -1
1515, 2919, 1
1516, 2919, -1
1524, 2920, 1
1525, 2920, -1
1526, 2921, 1
1527, 2921, -1
1531, 2922, 1
1532, 2922, -1
166, 2923, -1
368, 2923, 1
861, 2923, -1
1528, 2923, 1
1528, 2924, -1
1530, 2924, 1
1529, 2925, 1
1530, 2925, -1
1543, 2926, 1
1544, 2926, -1
1542, 2927, 1
1545, 2927, -1
196, 2928, 1
278, 2928, -1
1535, 2928, -1
1542, 2928, 1
1558, 2929, 1
1559, 2929, -1
1560, 2930, 1
1563, 2930, -1
1564, 2931, 1
1565, 2931, -1
1568, 2932, 1
1569, 2932, -1
1561, 2933, 1
1562, 2933, -1
368, 2934, -1
861, 2934, 1
1556, 2934, -1
1557, 2934, 1
769, 2935, -1
792, 2935, 1
1560, 2935, 1
1563, 2935, -1
1573, 2936, 1
1574, 2937, 1
1575, 2937, -1
1581, 2938, -1
1583, 2938, 1
1582, 2939, 1
1583, 2939, -1
1587, 2940, 1
1588, 2940, -1
1586, 2941, -1
1588, 2941, 1
673, 2942, -1
674, 2942, 1
1589, 2943, -1
1591, 2943, 1
1590, 2944, 1
1591, 2944, -1
207, 2945, -1
368, 2945, 1
861, 2945, -1
1592, 2945, 1
1592, 2946, -1
1594, 2946, 1
1593, 2947, 1
1594, 2947, -1
1597, 2948, 1
1598, 2948, -1
1596, 2949, -1
1598, 2949, 1
1601, 2950, 1
1602, 2950, -1
1604, 2951, -1
1606, 2951, 1
1605, 2952, 1
1606, 2952, -1
1609, 2953, 1
1612, 2953, -1
753, 2954, -1
839, 2954, 1
1614, 2955, 1
1615, 2955, -1
1610, 2956, 1
1611, 2956, -1
1617, 2957, 1
1618, 2957, -1
